"vertices" "degree_2nd_moment" "mean_length"
2 1 1
2 1 1
2 1 1
2 1 1
2 1 1
2 1 1
2 1 1
2 1 1
2 1 1
2 1 1
2 1 1
2 1 1
2 1 1
2 1 1
2 1 1
2 1 1
2 1 1
2 1 1
2 1 1
2 1 1
2 1 1
2 1 1
2 1 1
2 1 1
2 1 1
2 1 1
2 1 1
2 1 1
2 1 1
2 1 1
2 1 1
2 1 1
2 1 1
2 1 1
2 1 1
2 1 1
2 1 1
2 1 1
2 1 1
2 1 1
2 1 1
2 1 1
2 1 1
2 1 1
2 1 1
2 1 1
2 1 1
2 1 1
2 1 1
2 1 1
2 1 1
2 1 1
2 1 1
2 1 1
2 1 1
2 1 1
2 1 1
2 1 1
2 1 1
2 1 1
2 1 1
2 1 1
2 1 1
2 1 1
2 1 1
2 1 1
2 1 1
2 1 1
2 1 1
2 1 1
2 1 1
2 1 1
2 1 1
2 1 1
2 1 1
2 1 1
2 1 1
2 1 1
2 1 1
2 1 1
2 1 1
2 1 1
2 1 1
2 1 1
2 1 1
2 1 1
2 1 1
2 1 1
2 1 1
2 1 1
2 1 1
2 1 1
2 1 1
2 1 1
2 1 1
2 1 1
2 1 1
2 1 1
2 1 1
2 1 1
2 1 1
2 1 1
2 1 1
2 1 1
2 1 1
2 1 1
2 1 1
2 1 1
2 1 1
2 1 1
2 1 1
2 1 1
2 1 1
2 1 1
2 1 1
2 1 1
2 1 1
2 1 1
2 1 1
2 1 1
2 1 1
2 1 1
2 1 1
2 1 1
2 1 1
2 1 1
2 1 1
2 1 1
2 1 1
2 1 1
2 1 1
2 1 1
2 1 1
2 1 1
2 1 1
2 1 1
2 1 1
2 1 1
2 1 1
2 1 1
2 1 1
2 1 1
2 1 1
2 1 1
2 1 1
2 1 1
2 1 1
2 1 1
2 1 1
2 1 1
2 1 1
2 1 1
2 1 1
2 1 1
2 1 1
2 1 1
2 1 1
2 1 1
2 1 1
2 1 1
2 1 1
2 1 1
2 1 1
2 1 1
2 1 1
2 1 1
2 1 1
2 1 1
2 1 1
2 1 1
2 1 1
2 1 1
2 1 1
2 1 1
2 1 1
2 1 1
2 1 1
2 1 1
2 1 1
2 1 1
2 1 1
2 1 1
2 1 1
2 1 1
2 1 1
2 1 1
2 1 1
2 1 1
2 1 1
2 1 1
2 1 1
2 1 1
2 1 1
2 1 1
2 1 1
2 1 1
2 1 1
2 1 1
2 1 1
2 1 1
2 1 1
2 1 1
2 1 1
2 1 1
2 1 1
2 1 1
2 1 1
2 1 1
2 1 1
2 1 1
2 1 1
2 1 1
2 1 1
2 1 1
2 1 1
2 1 1
2 1 1
2 1 1
2 1 1
2 1 1
2 1 1
2 1 1
2 1 1
2 1 1
2 1 1
2 1 1
2 1 1
2 1 1
2 1 1
2 1 1
2 1 1
2 1 1
2 1 1
2 1 1
2 1 1
2 1 1
2 1 1
2 1 1
2 1 1
2 1 1
2 1 1
2 1 1
2 1 1
2 1 1
2 1 1
2 1 1
2 1 1
2 1 1
2 1 1
2 1 1
2 1 1
2 1 1
2 1 1
2 1 1
2 1 1
2 1 1
2 1 1
2 1 1
2 1 1
2 1 1
2 1 1
2 1 1
2 1 1
2 1 1
2 1 1
2 1 1
2 1 1
2 1 1
2 1 1
2 1 1
2 1 1
2 1 1
2 1 1
2 1 1
2 1 1
2 1 1
2 1 1
2 1 1
2 1 1
2 1 1
2 1 1
2 1 1
2 1 1
2 1 1
2 1 1
2 1 1
2 1 1
2 1 1
2 1 1
2 1 1
2 1 1
2 1 1
2 1 1
2 1 1
2 1 1
2 1 1
2 1 1
2 1 1
2 1 1
2 1 1
2 1 1
2 1 1
2 1 1
2 1 1
3 2 1.5
3 2 1.5
3 2 1
3 2 1
3 2 1
3 2 1
3 2 1.5
3 2 1.5
3 2 1.5
3 2 1.5
3 2 1
3 2 1.5
3 2 1.5
3 2 1
3 2 1.5
3 2 1.5
3 2 1.5
3 2 1.5
3 2 1.5
3 2 1.5
3 2 1
3 2 1.5
3 2 1.5
3 2 1.5
3 2 1.5
3 2 1
3 2 1.5
3 2 1.5
3 2 1.5
3 2 1.5
3 2 1.5
3 2 1.5
3 2 1.5
3 2 1.5
3 2 1.5
3 2 1
3 2 1.5
3 2 1.5
3 2 1.5
3 2 1.5
3 2 1.5
3 2 1
3 2 1.5
3 2 1.5
3 2 1.5
3 2 1.5
3 2 1.5
3 2 1.5
3 2 1
3 2 1.5
3 2 1
3 2 1.5
3 2 1.5
3 2 1.5
3 2 1.5
3 2 1.5
3 2 1.5
3 2 1.5
3 2 1.5
3 2 1.5
3 2 1.5
3 2 1.5
3 2 1
3 2 1.5
3 2 1
3 2 1
3 2 1
3 2 1
3 2 1
3 2 1
3 2 1
3 2 1
3 2 1
3 2 1
3 2 1
3 2 1
3 2 1
3 2 1
3 2 1
3 2 1.5
3 2 1.5
3 2 1
3 2 1
3 2 1
3 2 1
3 2 1
3 2 1.5
3 2 1
3 2 1
3 2 1
3 2 1
3 2 1
3 2 1
3 2 1
3 2 1
3 2 1
3 2 1
3 2 1
3 2 1
3 2 1
3 2 1
3 2 1
3 2 1
3 2 1
3 2 1.5
3 2 1
3 2 1
3 2 1.5
3 2 1
3 2 1
3 2 1
3 2 1
3 2 1
3 2 1
3 2 1
3 2 1
3 2 1
3 2 1
3 2 1
3 2 1
3 2 1
3 2 1
3 2 1
3 2 1
3 2 1
3 2 1
3 2 1
3 2 1
3 2 1
3 2 1
3 2 1
3 2 1
3 2 1
3 2 1
3 2 1
3 2 1
3 2 1
3 2 1
3 2 1
3 2 1
3 2 1
3 2 1
3 2 1
3 2 1
3 2 1
3 2 1
3 2 1
3 2 1
3 2 1
3 2 1
3 2 1
3 2 1
3 2 1
3 2 1
3 2 1
3 2 1
3 2 1
3 2 1
3 2 1
3 2 1
3 2 1
3 2 1
3 2 1
3 2 1
3 2 1
3 2 1
3 2 1
3 2 1
3 2 1
3 2 1
3 2 1
3 2 1
3 2 1
3 2 1
3 2 1
3 2 1
3 2 1
3 2 1
3 2 1
3 2 1
3 2 1
3 2 1
3 2 1
3 2 1
3 2 1
3 2 1
3 2 1
3 2 1
3 2 1
3 2 1
3 2 1
3 2 1
3 2 1
3 2 1
3 2 1
3 2 1
3 2 1
3 2 1
3 2 1
3 2 1
3 2 1
4 3 1.33333
4 2.5 1.33333
4 2.5 1
4 3 2
4 3 2
4 2.5 1
4 3 2
4 2.5 1
4 3 2
4 2.5 1
4 3 2
4 3 2
4 2.5 1
4 2.5 1
4 2.5 1
4 3 1.33333
4 2.5 1
4 2.5 1.33333
4 2.5 1
4 2.5 1.33333
4 2.5 1
4 3 1.33333
4 2.5 1.66667
4 3 1.33333
4 2.5 1
4 2.5 1
4 3 1.33333
4 2.5 1.33333
4 3 1.33333
4 2.5 1.66667
4 3 1.33333
4 2.5 1
4 2.5 1
4 2.5 1
4 2.5 1
4 2.5 1.33333
4 3 1.33333
4 3 1.33333
4 3 1.33333
4 2.5 1
4 2.5 1.33333
4 2.5 1
4 2.5 1
4 2.5 1
4 2.5 1
4 2.5 1
4 2.5 1.33333
4 2.5 1
4 3 1.33333
4 2.5 1
4 3 1.33333
4 2.5 1
5 3.2 1.25
5 3.2 2.25
5 2.8 1
5 2.8 1
5 3.2 1.25
5 3.2 1.25
5 2.8 1
5 4 1.75
5 3.2 2
5 2.8 1
5 3.2 2
5 3.2 2
5 3.2 2
5 3.2 1.25
5 3.2 1.25
5 2.8 1
5 2.8 1
5 3.2 1.25
5 2.8 1
5 3.2 1.5
5 3.2 1.5
5 3.2 1.5
5 2.8 1.25
5 3.2 1.25
5 3.2 1.25
5 3.2 1.5
5 2.8 1
5 4 1.75
5 2.8 1.25
5 2.8 1.25
5 4 1.75
5 3.2 1.5
5 2.8 1.25
5 2.8 1.25
5 3.2 1.5
5 2.8 1.25
5 2.8 1
5 2.8 1
5 3.2 1.5
5 3.2 1.5
5 2.8 1
5 2.8 1
5 2.8 1.25
5 3.2 1.5
5 2.8 1
5 2.8 1.5
5 2.8 1.25
5 2.8 1.25
5 2.8 1
5 3.2 1.75
5 3.2 1.5
5 3.2 1.5
5 3.2 1.5
5 2.8 1
5 2.8 1
5 4 1.75
5 3.2 1.25
5 2.8 1.25
5 2.8 1.5
5 3.2 1.25
5 2.8 1.25
5 2.8 1
5 2.8 1.5
5 2.8 1.25
6 3 1
6 3 1
6 3.33333 1.4
6 3 1
6 3 1.4
6 4 1.8
6 3.33333 1.2
6 3 1.2
6 3.33333 1.6
6 3 1.2
6 3 1.2
6 3.33333 1.2
6 3 1.4
6 3.33333 1.6
6 3.33333 1.6
6 3.33333 1.4
6 3.33333 1.6
6 3 1.2
6 3.33333 1.2
6 3 1.2
6 3.33333 1.4
6 3.33333 1.6
6 3.33333 1.6
6 3.33333 1.2
6 3 1.4
6 3 1
6 3.33333 1.2
6 3 1
6 3.33333 1.2
6 3 1.6
6 3 1
6 3 1.2
6 3 1.6
6 3.33333 1.2
6 3.33333 1.8
6 3.33333 1.8
6 3.33333 1.8
6 3 1.2
6 5 2.2
6 3.66667 1.8
6 3.66667 1.8
6 3.33333 2
6 3.33333 1.4
6 3 1.4
6 3.66667 1.8
6 3.66667 1.8
6 3 1.2
6 3.66667 1.8
6 3.66667 1.8
6 3.66667 1.8
6 3.66667 1.8
6 3 1.2
6 3.66667 1.8
6 4 1.8
6 3.33333 1.2
6 4 1.6
6 3.66667 1.8
6 3.66667 1.8
6 3 1
6 3.33333 1.2
6 3 1.2
7 3.42857 1.66667
7 3.42857 1.16667
7 3.42857 1.66667
7 4 1.83333
7 3.42857 1.5
7 3.42857 1.16667
7 3.42857 1.5
7 3.42857 1.5
7 3.42857 1.33333
7 3.42857 1.33333
7 4 1.66667
7 3.42857 1.16667
7 3.42857 2
7 3.42857 1.33333
7 4 1.5
7 3.42857 1.33333
7 3.14286 1.16667
7 6 2.66667
7 4 2
7 3.42857 1.33333
7 3.42857 1.33333
7 3.42857 1.33333
7 3.14286 1
7 3.42857 1.16667
7 3.14286 1
7 3.14286 1
7 4 1.83333
7 4.28571 2.33333
7 3.14286 1.5
7 6 2.66667
7 6 2.66667
7 3.14286 1.16667
7 3.71429 1.66667
7 3.42857 1.33333
7 3.42857 1.33333
7 3.42857 1.66667
7 3.71429 1.33333
7 3.42857 1.66667
7 3.14286 1.66667
7 3.14286 1.33333
7 3.71429 1.33333
7 3.14286 1
7 4 1.5
7 3.71429 1.33333
7 4 1.5
7 3.42857 1.33333
7 6 2.66667
7 3.42857 2
7 3.42857 1.66667
7 3.42857 1.33333
7 3.14286 1.5
7 3.42857 1.33333
7 3.71429 1.66667
7 3.42857 1.5
7 3.71429 1.66667
7 3.71429 1.66667
7 3.71429 1.66667
7 3.71429 1.66667
7 3.71429 1.66667
7 3.42857 1.33333
7 4 1.66667
7 4 1.66667
7 3.42857 1.66667
7 3.14286 1.16667
7 3.71429 1.66667
7 3.42857 1.5
7 3.42857 1.33333
7 3.14286 1.33333
7 3.14286 1.33333
7 3.42857 1.33333
7 3.71429 1.66667
8 3.75 1.42857
8 3.25 1.14286
8 3.25 1
8 3.25 1.28571
8 3.5 1.85714
8 4.25 1.57143
8 4 1.57143
8 3.5 1.28571
8 3.5 1.14286
8 3.25 1.71429
8 3.25 1.14286
8 5 2.85714
8 3.5 1.14286
8 3.75 1.57143
8 3.5 1.42857
8 3.75 1.57143
8 3.75 1.57143
8 4.25 1.57143
8 3.75 1.28571
8 3.25 1.28571
8 4.25 1.85714
8 3.5 1.28571
8 3.5 1.28571
8 3.75 1.42857
8 3.5 1.28571
8 3.25 1.28571
8 4.25 2
8 4 1.42857
8 4 1.57143
8 3.75 1.71429
8 3.75 1.42857
8 3.5 1.28571
8 3.5 1.42857
8 3.5 1.42857
8 3.25 1.71429
8 3.75 2
8 3.5 1.42857
8 3.5 1.57143
8 3.25 1.42857
8 3.5 1.14286
8 3.75 1.57143
8 3.25 1.42857
8 3.5 2.14286
8 7 3.14286
8 4 1.42857
8 3.75 1.28571
8 3.75 1.28571
8 3.75 1.71429
8 3.25 1.14286
8 3.75 1.57143
8 3.5 1.14286
8 3.5 1.42857
8 3.5 1.14286
8 3.5 1.57143
8 4.25 2
8 4 1.85714
8 3.5 1.14286
8 3.5 1.42857
8 3.5 1.42857
8 3.5 1.28571
8 3.75 1.71429
8 3.5 2
8 3.5 1.28571
8 3.25 1
8 3.5 1.42857
8 4 1.85714
8 3.25 1.42857
8 3.75 2.28571
8 3.5 1.28571
8 3.25 1
8 3.5 1.57143
8 3.75 1.28571
8 3.5 1.71429
8 3.5 1.71429
8 3.5 1.28571
8 5.75 3.28571
8 5 3.42857
8 5.75 3.28571
8 5.75 2.42857
8 3.5 1.14286
8 3.5 1.85714
8 4 1.71429
8 3.5 1.57143
9 3.55556 1.125
9 3.55556 1.375
9 4.22222 2
9 3.77778 1.875
9 3.77778 1.625
9 3.55556 1.25
9 4.66667 1.75
9 4 1.375
9 4 1.625
9 3.55556 1.5
9 3.55556 1.5
9 3.55556 1.875
9 3.55556 1.125
9 3.55556 1.5
9 3.55556 1.375
9 3.55556 1.5
9 4.22222 2.125
9 4 1.5
9 4 1.625
9 4.88889 1.875
9 4.22222 1.625
9 4.88889 2
9 3.55556 1.25
9 4.22222 1.5
9 4 1.5
9 3.77778 1.625
9 4.22222 1.625
9 4 1.625
9 4.22222 1.75
9 4.66667 2.375
9 3.55556 1.5
9 4.22222 1.75
9 3.77778 1.875
9 4.22222 1.625
9 4 1.75
9 3.55556 1.25
9 4.22222 1.625
9 3.55556 1.625
9 3.77778 1.25
9 4.22222 1.75
9 3.55556 1.875
9 3.55556 1.375
9 3.55556 1.625
9 3.55556 1.5
9 3.77778 1.375
9 3.55556 1.75
9 4 2.125
9 4 2.125
9 3.55556 1.125
9 3.77778 1.75
9 4.66667 1.875
9 4.22222 1.75
9 3.55556 1.375
9 4.66667 1.875
9 3.55556 1.125
9 3.55556 1.375
9 3.55556 1.375
9 4.22222 1.875
9 3.55556 1.75
9 3.55556 1.625
9 4 1.375
9 3.55556 1.375
9 3.55556 1.25
9 3.55556 1.25
9 3.55556 1.875
9 4 1.375
9 4 1.5
9 4 1.375
9 6.66667 3.75
9 4 1.375
9 4 1.5
9 4 1.625
9 3.77778 1.625
9 4.22222 2.5
9 3.55556 1.375
9 3.77778 1.875
9 3.77778 1.375
10 3.6 1.33333
10 3.8 1.44444
10 4 1.55556
10 4 1.55556
10 3.8 1.55556
10 3.8 1.77778
10 3.8 1.55556
10 3.4 1.44444
10 3.6 1.44444
10 4.2 1.44444
10 4 1.55556
10 3.8 1.33333
10 3.6 1.88889
10 4 1.33333
10 3.8 1.77778
10 3.6 1.11111
10 4 1.66667
10 5.6 2.44444
10 4 1.55556
10 3.6 1.44444
10 3.8 1.88889
10 3.8 1.44444
10 3.8 1.22222
10 4 1.66667
10 4.2 1.88889
10 5.6 2.33333
10 4.2 2
10 4.2 1.55556
10 3.8 2.11111
10 3.6 2
10 4.2 1.44444
10 4 1.33333
10 3.6 1.33333
10 4.2 1.66667
10 3.6 1.33333
10 3.8 1.44444
10 3.8 1.33333
10 3.6 1.44444
10 4.2 1.77778
10 3.8 1.44444
10 3.6 1.33333
10 3.6 1.22222
10 4 1.77778
10 3.8 1.44444
10 3.8 1.44444
10 4 1.44444
10 3.8 1.66667
10 3.8 1.22222
10 3.6 1.33333
10 3.6 1.22222
10 3.8 1.66667
10 3.6 1.33333
10 3.8 2.22222
10 3.8 1.22222
10 3.4 1.33333
10 3.6 1.33333
10 4 1.55556
10 3.6 1.77778
10 3.8 1.77778
10 4.2 1.55556
10 3.8 1.33333
10 3.6 1.22222
10 3.8 1.77778
10 3.6 1.11111
10 3.8 1.55556
10 3.8 1.77778
10 3.6 1.55556
10 4.6 2
10 4.6 2
10 3.6 1.44444
10 3.6 1.88889
10 3.8 1.44444
10 4.2 1.55556
10 3.6 1.22222
10 3.8 1.77778
10 4 1.55556
10 4.2 1.66667
10 3.6 1.66667
10 5.4 2.66667
10 3.6 1.22222
10 4.4 2
10 3.6 1.44444
11 4.54545 2.4
11 3.63636 1.4
11 3.63636 1.3
11 4.18182 2
11 3.63636 1.2
11 3.63636 1.4
11 3.81818 1.5
11 3.63636 1.6
11 4.72727 2.2
11 3.81818 1.4
11 3.63636 1.4
11 3.81818 1.5
11 4 1.3
11 3.81818 1.8
11 4 1.3
11 4.18182 2.3
11 4.54545 1.9
11 3.81818 1.8
11 4.36364 1.9
11 3.63636 1.4
11 3.63636 1.3
11 3.81818 1.4
11 4 1.5
11 3.63636 1.3
11 3.81818 1.6
11 3.81818 1.6
11 3.81818 2.1
11 3.81818 1.6
11 5.45455 2.5
11 3.63636 1.4
11 4.18182 1.5
11 3.81818 1.2
11 4.72727 2
11 3.63636 1.7
11 3.81818 1.7
11 3.63636 1.4
11 3.81818 1.2
11 3.81818 1.5
11 3.81818 1.3
11 3.81818 1.6
11 4 1.6
11 4 1.9
11 4 1.4
11 3.81818 1.4
11 4.54545 2.1
11 4.54545 1.9
11 3.63636 1.1
11 3.45455 1.2
11 4.18182 1.7
11 3.63636 1.5
11 3.81818 1.4
11 3.81818 1.4
11 4.18182 1.5
11 3.63636 1.1
11 3.63636 1.1
11 3.81818 1.5
11 4.18182 1.8
11 3.63636 1.3
11 3.81818 1.5
11 3.63636 1.4
11 4.18182 1.5
11 4.72727 1.9
11 3.63636 1.5
11 4 1.7
11 6.36364 3.2
11 3.45455 1.1
11 3.45455 1.1
11 3.45455 1.1
11 3.45455 1.1
11 4 1.8
11 4.36364 1.7
11 3.63636 1.2
11 3.81818 1.4
11 3.63636 1.1
11 4.54545 2.4
11 4.18182 1.5
11 3.45455 1.3
11 4.54545 1.6
11 3.81818 1.9
11 3.63636 1.3
11 5.09091 3.4
11 3.81818 1.8
11 5.09091 2.5
11 3.81818 2
12 4 1.36364
12 3.83333 1.36364
12 3.83333 1.18182
12 3.83333 1.27273
12 4.16667 1.90909
12 3.83333 1.63636
12 4 1.45455
12 3.83333 1.45455
12 4.66667 2.27273
12 3.66667 1.45455
12 3.83333 1.36364
12 4.33333 2.45455
12 4 1.54545
12 3.83333 1.45455
12 4 1.45455
12 4 1.45455
12 4.33333 2.54545
12 4.83333 1.81818
12 4 1.54545
12 4 1.27273
12 4 1.90909
12 4.66667 2.54545
12 4 1.27273
12 5 1.81818
12 3.83333 1.63636
12 4.66667 1.90909
12 3.66667 1.18182
12 4.16667 1.81818
12 4.16667 1.45455
12 5.16667 2.45455
12 5.16667 2.36364
12 4.83333 2.45455
12 4.33333 1.72727
12 5.5 2.18182
12 4.16667 2
12 4.33333 2
12 4.33333 1.54545
12 4.16667 1.63636
12 4 2.09091
12 4.16667 1.81818
12 3.83333 1.54545
12 4.66667 2.27273
12 3.83333 1.54545
12 3.83333 1.54545
12 4 1.54545
12 3.66667 1.45455
12 3.66667 1.45455
12 4.16667 1.45455
12 4.16667 1.72727
12 3.66667 1.63636
12 4 1.90909
12 3.83333 1.72727
12 3.83333 1.63636
12 5 1.81818
12 3.83333 1.63636
12 3.83333 1.63636
12 3.83333 1.54545
12 3.83333 1.63636
12 3.66667 1.54545
12 3.66667 1.54545
12 4 1.27273
12 3.83333 2.09091
12 3.83333 1.81818
12 4 1.54545
12 3.83333 2.09091
12 4 1.81818
12 4.16667 1.63636
12 4.16667 2
12 3.66667 1.18182
12 3.66667 1.54545
12 4.5 1.63636
12 4.5 1.63636
12 3.83333 1.36364
12 3.83333 1.27273
12 4.16667 1.54545
12 4 2.18182
12 4 1.81818
12 4 1.72727
12 3.66667 1.54545
13 4 2
13 4.92308 2.08333
13 3.69231 1.83333
13 3.69231 1.33333
13 4.15385 1.75
13 3.84615 1.58333
13 3.84615 1.5
13 3.84615 1.58333
13 4.46154 1.83333
13 4 1.41667
13 4.15385 1.91667
13 4.61538 2.33333
13 4.15385 2
13 3.84615 1.75
13 4.46154 2.83333
13 4 1.75
13 4 1.5
13 4.30769 1.41667
13 4 1.75
13 5.84615 2.25
13 4.61538 1.75
13 4 2.08333
13 4 1.91667
13 5.07692 2.41667
13 4 1.83333
13 4.15385 1.91667
13 4.46154 2.08333
13 3.84615 1.58333
13 4.15385 1.75
13 4 1.83333
13 3.84615 1.66667
13 4.15385 1.75
13 4 2.33333
13 4.15385 1.58333
13 3.84615 1.41667
13 3.69231 1.5
13 4 1.25
13 3.84615 1.5
13 4 1.58333
13 3.69231 1.41667
13 4 1.25
13 4.92308 1.91667
13 3.69231 1.16667
13 4 1.41667
13 3.69231 1.5
13 4.15385 1.91667
13 3.84615 1.66667
13 4.46154 1.91667
13 4.30769 1.58333
13 3.69231 1.75
13 3.84615 1.58333
13 4.46154 2.25
13 4.30769 1.58333
13 4.61538 1.83333
13 3.84615 1.75
13 4 1.75
13 4.15385 2.25
13 3.84615 1.5
13 5.07692 2.33333
13 4.46154 1.91667
13 4.15385 1.83333
13 3.69231 1.75
13 3.69231 1.08333
13 3.69231 1.16667
14 4 1.61538
14 4.85714 1.84615
14 4.42857 1.92308
14 3.71429 1.30769
14 4 1.76923
14 4.28571 1.53846
14 4.28571 2.07692
14 4 2
14 4 1.84615
14 4 2.30769
14 4.14286 1.30769
14 4.42857 1.61538
14 4 1.84615
14 4.42857 2
14 4.71429 2
14 4.57143 2.15385
14 4.42857 1.92308
14 4.85714 2.15385
14 4.28571 1.84615
14 5.14286 3.30769
14 4.14286 1.69231
14 4.71429 1.61538
14 3.85714 1.92308
14 4.57143 2
14 3.85714 1.61538
14 4.57143 1.61538
14 4.57143 1.61538
14 4.14286 2
14 4.57143 2.15385
14 4.28571 1.92308
14 4 1.84615
14 4.28571 1.61538
14 3.85714 1.76923
14 4 1.69231
14 3.85714 1.38462
14 4 1.53846
14 4.71429 2
14 4.28571 1.61538
14 4.42857 1.84615
14 4.57143 1.84615
14 4.14286 1.61538
14 3.71429 1.92308
14 3.71429 1.38462
14 4.14286 1.69231
14 4.14286 1.69231
14 4 1.46154
14 4 1.53846
14 4 1.38462
14 3.85714 1.46154
14 4.28571 1.53846
14 4.14286 1.38462
14 4.14286 2
14 4.28571 2.07692
14 4.14286 1.38462
14 4.14286 1.38462
14 4.14286 1.46154
14 4 1.76923
14 4.57143 2.69231
14 4.57143 2.69231
14 5.71429 3.53846
14 5.85714 3.15385
14 3.85714 1.84615
14 4 2
15 4.53333 1.78571
15 3.86667 1.42857
15 4.13333 1.35714
15 4.53333 1.85714
15 4.26667 1.71429
15 4.4 1.71429
15 4.13333 1.5
15 4.13333 1.35714
15 4.8 2.21429
15 4.4 2
15 4.8 2.78571
15 4.26667 1.85714
15 4 2.14286
15 4.4 1.64286
15 4 1.85714
15 4 1.85714
15 3.86667 1.5
15 4.4 1.85714
15 4.13333 1.85714
15 4.13333 1.64286
15 4.13333 2
15 4.13333 1.85714
15 4 1.64286
15 4 1.71429
15 4.53333 2.14286
15 4 1.42857
15 4.53333 1.85714
15 5.86667 2.42857
15 4.66667 1.85714
15 5.2 2.07143
15 4 1.71429
15 4.53333 2
15 4.26667 1.64286
15 5.06667 2.92857
15 4.53333 2.21429
15 4.26667 1.71429
15 4.26667 1.78571
15 4.4 2.07143
15 5.46667 3
15 4.4 2
15 4.26667 2.28571
15 4.26667 1.78571
15 4.26667 2
15 4.26667 1.57143
15 4.4 2.07143
15 4.26667 1.57143
15 4 1.35714
15 4.13333 1.64286
15 4.26667 1.71429
15 4.8 2.07143
15 4.13333 2
15 4.53333 1.92857
15 4.13333 1.64286
15 4.4 1.85714
15 4.53333 1.71429
15 3.86667 1.35714
15 3.86667 1.5
15 4.13333 1.78571
15 4 1.5
15 4.13333 2.92857
15 4.4 1.5
15 4.8 1.71429
15 4.53333 2
15 4.93333 2.57143
15 3.86667 1.5
15 3.86667 1.5
15 4.13333 1.5
15 4.26667 1.85714
15 4.4 2.42857
15 4.13333 1.35714
15 6 2.28571
15 4.4 2.28571
15 3.73333 1.5
15 4.26667 1.57143
15 4.66667 1.78571
15 4.53333 2.64286
15 4.26667 2.07143
15 6.53333 4
15 4.53333 2
15 4 1.57143
15 4 2
15 5.06667 3
16 4.125 1.86667
16 5.25 2.13333
16 4.125 1.73333
16 4 1.46667
16 3.875 1.6
16 4.375 2.2
16 3.875 1.33333
16 4.375 1.93333
16 4.125 2.2
16 4.25 2
16 3.875 1.26667
16 4.25 2
16 4.125 2.2
16 5.25 1.93333
16 4 1.6
16 4 1.66667
16 4.125 1.73333
16 3.75 1.33333
16 4.125 2
16 4 1.8
16 4.125 1.66667
16 4.25 1.46667
16 4 1.53333
16 4.125 1.46667
16 4.5 2.13333
16 4.375 1.53333
16 5 1.8
16 4.75 2
16 4.125 1.93333
16 4.125 1.86667
16 4.125 1.66667
16 4.375 1.8
16 4.75 2.33333
16 4.375 1.8
16 6.5 3.4
16 4 1.46667
16 4.5 1.73333
16 4 2.06667
16 5 2.33333
16 4.375 1.66667
16 4.25 2
16 4.125 1.53333
16 4.125 1.93333
16 4.625 1.86667
16 4.125 1.6
16 4.5 2.06667
16 4.25 1.93333
16 4.375 1.66667
16 4.125 1.4
16 4.125 1.6
16 4 1.6
16 4.125 1.53333
16 3.875 1.4
16 4.75 2.4
16 4.875 2
16 4.625 2.13333
16 4.625 2.13333
16 4.25 1.8
16 5.25 2.33333
16 4 1.66667
16 4.75 1.73333
16 4.875 2.33333
16 4 1.66667
16 4.375 1.73333
16 4.25 1.73333
16 5 2.93333
16 3.875 1.26667
16 4 1.53333
16 3.875 1.53333
16 3.875 1.6
16 4.125 1.66667
16 4.625 2.66667
16 4.375 2
16 4.125 1.6
16 4.375 1.86667
17 4.23529 1.5
17 4.11765 1.9375
17 4.11765 2.3125
17 4.23529 1.875
17 4.35294 1.875
17 4.58824 2.0625
17 4.23529 1.6875
17 4 1.375
17 4.58824 2.1875
17 4.23529 2
17 3.88235 1.6875
17 4 1.9375
17 4.23529 1.6875
17 4.23529 1.6875
17 3.88235 1.5625
17 4.35294 2.1875
17 4.47059 2.0625
17 4 1.375
17 5.05882 2.4375
17 4.58824 1.8125
17 4.35294 2.625
17 4.23529 1.5625
17 4.47059 1.8125
17 4.23529 1.875
17 4 1.6875
17 4.11765 1.625
17 4.23529 2.0625
17 4.47059 2.0625
17 4.11765 1.5
17 4.11765 1.75
17 4.58824 2.0625
17 4.58824 1.8125
17 4.23529 1.625
17 4.35294 1.6875
17 4.35294 2.0625
17 4.35294 1.8125
17 4.82353 2.8125
17 4 1.6875
17 4.23529 2.0625
17 4.58824 1.75
17 4.23529 1.625
17 4.11765 1.875
17 4 1.5625
17 4 1.625
17 5.64706 2.9375
17 4.35294 1.9375
17 4.11765 1.8125
17 4 2
17 4.94118 3
17 6.94118 2.875
17 3.88235 1.5625
17 4.47059 2.1875
17 4.35294 1.9375
17 4.11765 1.625
17 4.47059 1.5625
17 4.35294 1.5625
17 4.23529 2.0625
17 4.35294 1.8125
17 4.11765 1.8125
17 4 1.625
17 4.47059 1.6875
17 4.70588 2.6875
17 4.35294 1.9375
17 4.47059 2.625
17 4 1.625
17 4.47059 1.9375
17 4.35294 2
17 4.23529 2.1875
17 4.11765 2.0625
17 4.47059 2.1875
17 4 2.1875
17 4.23529 1.875
17 4.35294 1.5625
17 4 1.5625
17 4.11765 1.5625
17 4.58824 2.0625
18 4.55556 2.35294
18 4.11111 2.29412
18 4.11111 1.64706
18 4.22222 1.41176
18 4 1.64706
18 4.11111 2
18 4.88889 2.05882
18 4 1.82353
18 4.55556 2.23529
18 4.11111 1.64706
18 4.55556 2.17647
18 4.22222 1.76471
18 4.11111 1.82353
18 4.44444 2.11765
18 4.33333 1.94118
18 4.11111 1.64706
18 4.44444 1.94118
18 4.66667 1.88235
18 4.11111 1.52941
18 4.33333 2.05882
18 4.33333 2.17647
18 4.33333 1.70588
18 4 1.70588
18 4.88889 3.47059
18 4.33333 1.76471
18 4.44444 1.94118
18 4.44444 2.05882
18 5 2.52941
18 6.22222 2.94118
18 7.33333 3.76471
18 4.33333 2.05882
18 4.11111 1.76471
18 4.44444 1.58824
18 4.44444 2.05882
18 4.11111 1.52941
18 5.22222 2.41176
18 4.11111 1.52941
18 4.22222 1.64706
18 4.66667 2.76471
18 5.44444 2.35294
18 4.11111 1.64706
18 5 2.47059
18 5 2.52941
18 4.11111 1.82353
18 4.22222 1.76471
18 4.77778 2.41176
18 4.66667 3.29412
18 4.11111 1.70588
18 4.77778 2.76471
18 4.11111 1.58824
18 4.66667 1.52941
18 4.22222 1.58824
18 4 2
18 4.88889 3.76471
18 4.55556 2.29412
18 4.55556 2.23529
18 4.33333 2.76471
18 4.44444 1.64706
18 4.22222 1.64706
18 4.33333 1.76471
18 4 1.41176
18 4.22222 3.05882
18 4.22222 2.17647
18 4.77778 2.05882
18 4.22222 1.94118
18 4.66667 1.88235
18 4.11111 1.82353
18 5 2
18 4.55556 1.64706
18 4.22222 1.88235
19 4.73684 2.16667
19 4.42105 1.72222
19 4.21053 2.33333
19 4.52632 2
19 4.10526 1.5
19 4.73684 2.16667
19 4.21053 2.05556
19 5.05263 2.66667
19 4.21053 1.5
19 4.10526 1.5
19 4.21053 2
19 4.63158 2.44444
19 4.10526 2.05556
19 4.10526 1.66667
19 4.73684 2.33333
19 4.31579 2.16667
19 4.84211 2.11111
19 4.10526 1.83333
19 4.42105 2.11111
19 4.21053 1.44444
19 9.05263 5.05556
19 4.10526 1.61111
19 4.10526 1.5
19 4.63158 2.22222
19 4.10526 1.5
19 4.31579 1.88889
19 4.42105 2
19 4.42105 1.66667
19 4.10526 1.38889
19 4.31579 1.77778
19 4.10526 1.83333
19 4.10526 1.5
19 4.31579 1.83333
19 4.63158 1.83333
19 4.31579 1.55556
19 4.63158 1.66667
19 4.21053 1.83333
19 4.73684 2.83333
19 4.42105 2.38889
19 4.10526 1.77778
19 4.52632 2
19 4.73684 2.44444
19 4.10526 1.88889
19 4.84211 1.88889
19 5.26316 2.72222
19 4.10526 1.33333
19 4.10526 1.72222
19 5.15789 2.66667
19 4.84211 2.27778
19 4.31579 1.38889
19 4.52632 3.44444
19 4.10526 1.66667
19 4.94737 1.88889
19 4.73684 2.05556
19 4.10526 1.77778
19 4.21053 1.77778
19 4.42105 1.66667
19 3.89474 1.72222
19 4.10526 1.5
19 4.21053 1.61111
19 5.78947 2.55556
19 4.31579 1.66667
19 4.31579 1.61111
19 4.31579 1.88889
19 4.31579 2.38889
19 4.21053 2.05556
19 4.31579 2.11111
19 4.94737 1.77778
19 4.10526 1.66667
19 4.10526 1.94444
19 4.63158 2.22222
19 4.52632 2
19 4.21053 2.05556
20 4.9 2.21053
20 4.8 2.15789
20 4.8 2.52632
20 4.2 1.78947
20 4.4 1.94737
20 5.3 2.84211
20 4.2 2.05263
20 4.6 2.26316
20 4.3 1.63158
20 4.3 2
20 4.5 1.94737
20 4.1 1.84211
20 5 2.36842
20 4.3 1.78947
20 4.9 2.89474
20 4.5 1.84211
20 5 2.10526
20 4.3 2.47368
20 4.7 2.05263
20 4.9 1.94737
20 4.5 2.63158
20 5 1.94737
20 4.2 1.78947
20 4.1 1.84211
20 4.3 2.15789
20 5.8 3.36842
20 4.5 2.73684
20 4.9 2.73684
20 4.3 2.21053
20 5 2.52632
20 4.5 2.05263
20 5.4 2.94737
20 5.1 2.84211
20 5.1 2.36842
20 7 4.10526
20 4.9 2.05263
20 4.4 2.15789
20 4.3 2.15789
20 4.3 1.68421
20 4.7 2.05263
20 4.7 2.05263
20 4.4 2.15789
20 4.2 1.89474
20 4.3 1.84211
20 4.4 2
20 4.8 1.73684
20 4.4 1.73684
20 4.2 2.36842
20 4.4 2.10526
20 4.1 1.78947
20 4.2 2
20 4.3 1.63158
20 4.2 2.57895
20 4.4 2.47368
20 4.3 1.47368
20 4.6 1.89474
20 4.8 1.78947
20 4.6 3.52632
20 4.2 1.84211
20 4.2 1.84211
20 4.2 1.36842
20 4.3 1.89474
20 4.2 1.57895
20 4.1 2.78947
20 4.6 2.42105
20 4.1 1.47368
20 4.4 1.94737
20 4.7 2.31579
20 4.5 1.94737
20 4.9 2.36842
20 4.2 2.21053
20 4.4 2.10526
20 4.6 2.78947
20 4.3 1.73684
20 4.7 2.15789
21 4.28571 1.9
21 4.85714 3
21 5.2381 2.3
21 4.47619 2.15
21 4.28571 2.05
21 4 1.85
21 4.57143 2.4
21 4.19048 1.45
21 6.66667 2.55
21 4.38095 2.05
21 4.95238 2.5
21 4.38095 1.6
21 5.2381 2.6
21 4.66667 2.5
21 4.47619 1.75
21 5.61905 2.95
21 4.28571 2.25
21 4.19048 2.15
21 4.57143 2.2
21 4.28571 1.6
21 4.85714 2.05
21 4.57143 2
21 4.19048 1.7
21 4 1.55
21 4.38095 1.75
21 4.47619 2.2
21 4.66667 1.9
21 4.85714 2.1
21 4.47619 2.15
21 4.38095 2
21 5.04762 2.8
21 4.85714 2.1
21 4.19048 1.7
21 4.57143 1.85
21 4.85714 2.05
21 4.47619 2.25
21 4.09524 1.4
21 4 1.5
21 4.09524 1.65
21 4.38095 2.2
21 4.28571 1.8
21 4.28571 2.3
21 5.14286 5.4
21 4.38095 1.95
21 4.28571 2.65
21 4.09524 1.95
21 4.47619 1.9
21 4.19048 1.75
21 4.28571 2.2
21 4.19048 1.7
21 4.47619 2.15
21 4.09524 2
21 4.7619 1.8
21 4.57143 2.4
21 5.33333 2.9
21 4.28571 1.8
21 5.52381 2.25
21 4.09524 1.3
21 4.57143 1.8
21 4.19048 1.95
21 5.04762 2.2
21 4.38095 2
21 4.7619 2.3
21 5.04762 2.95
21 5.33333 3.05
21 4.19048 1.6
21 4.19048 1.85
21 5.04762 2.85
21 4.09524 1.8
21 4.09524 1.75
21 6.19048 2.7
21 4.66667 1.7
21 4.19048 1.75
21 4.19048 1.45
22 4.72727 1.7619
22 4.09091 1.61905
22 4.18182 1.80952
22 4.27273 1.95238
22 4.27273 1.90476
22 4.90909 3.09524
22 4.18182 2.2381
22 4.54545 1.85714
22 5 2.42857
22 4.90909 2.85714
22 4.18182 2.19048
22 5.81818 2.80952
22 4.45455 1.66667
22 4.27273 1.38095
22 4.27273 2.04762
22 5.27273 3
22 4.27273 1.61905
22 4.09091 2.04762
22 4.27273 2.14286
22 5.45455 3.19048
22 5.27273 3.28571
22 4.36364 2.14286
22 6 2.7619
22 4.36364 1.71429
22 4.27273 1.57143
22 4.36364 1.61905
22 4.54545 2.47619
22 4.27273 1.80952
22 4.36364 1.47619
22 4.18182 1.80952
22 4.36364 2.61905
22 4.27273 2.14286
22 4.18182 1.66667
22 4.54545 1.61905
22 4.45455 2.95238
22 4.72727 2.90476
22 5.72727 3.04762
22 4.63636 2.47619
22 4.27273 1.71429
22 4.54545 1.85714
22 4.45455 2.33333
22 5.81818 3.14286
22 5.45455 2.80952
22 4.18182 1.66667
22 4.36364 1.52381
22 4.54545 2.57143
22 4.09091 1.61905
22 4.54545 1.85714
22 4.45455 2
22 4.90909 1.90476
22 4.27273 2.19048
22 4.27273 2.14286
22 4.54545 2.09524
22 4.18182 1.85714
22 4.27273 1.80952
22 5.09091 2.42857
22 5.27273 3.71429
22 4.36364 2.04762
22 5.18182 3.04762
22 4.72727 2.14286
22 4.90909 2
22 4.54545 1.85714
22 4.36364 1.90476
22 4.09091 1.66667
22 4.18182 1.66667
22 4.18182 1.71429
22 4.63636 3.19048
22 4.36364 1.85714
22 4.81818 1.85714
22 4.45455 2.09524
22 4.54545 2.2381
22 4.81818 3.61905
22 4.36364 2
22 4.27273 2.09524
22 4.36364 1.80952
22 5 3.66667
22 4.18182 1.71429
22 4.81818 2.52381
22 4.18182 1.95238
22 4.27273 1.42857
22 4.45455 2.61905
22 4.36364 2.71429
22 4.45455 1.80952
22 4.27273 1.95238
23 4.69565 1.95455
23 4.26087 1.81818
23 4 1.72727
23 5.13043 2.31818
23 4.69565 1.81818
23 4.43478 2
23 4.52174 2.09091
23 4.43478 1.68182
23 6.6087 5.81818
23 4.34783 2.22727
23 4.08696 2.22727
23 4.69565 1.86364
23 4.17391 1.54545
23 4 2.18182
23 4.78261 2.95455
23 4.17391 1.63636
23 4.95652 2.63636
23 4.78261 2.36364
23 4.69565 1.95455
23 4.69565 1.68182
23 5.3913 2.63636
23 4.52174 2.31818
23 4.6087 2.27273
23 4.34783 2.31818
23 4.69565 2.04545
23 4.86957 2.36364
23 4.78261 2.31818
23 4.52174 2.22727
23 4.26087 2.22727
23 4.26087 2.18182
23 4.34783 1.72727
23 4.43478 2
23 4.78261 2.77273
23 4.52174 1.95455
23 5.91304 3.40909
23 5.3913 2.22727
23 4.34783 1.72727
23 4.26087 1.54545
23 5.21739 2.54545
23 4.26087 1.63636
23 4.6087 2
23 4.26087 1.86364
23 4.34783 2.09091
23 4.86957 2.77273
23 4.78261 1.77273
23 5.21739 2.45455
23 4.26087 1.90909
23 4.43478 1.63636
23 4.26087 1.5
23 4.52174 1.77273
23 4.17391 1.59091
23 4.34783 1.5
23 4.26087 1.68182
23 4.34783 1.95455
23 4.69565 2.59091
23 4.34783 2.22727
23 4.26087 2.36364
23 4.69565 2.63636
23 4.34783 1.95455
23 4.43478 2.04545
23 4.43478 2.09091
23 4.34783 1.45455
23 4.34783 2
23 4.52174 2.36364
23 4.69565 2.04545
23 5.3913 3.5
23 4.43478 2.13636
23 4.52174 2.09091
23 4.08696 1.72727
23 4.17391 1.54545
23 4.26087 1.72727
23 4.34783 2.63636
23 4.6087 2.18182
23 4.43478 1.81818
23 4.78261 3.5
23 4.86957 2.54545
23 4.34783 1.45455
23 4.52174 2.22727
23 4.17391 1.5
23 4.34783 2.45455
23 4.17391 1.81818
23 4.17391 1.77273
23 4.43478 2.18182
23 4.43478 1.72727
23 4.17391 2.09091
23 4.52174 2.5
23 4.17391 1.63636
23 4.43478 2.68182
24 4.58333 1.82609
24 4.33333 2.26087
24 4.25 1.86957
24 4.08333 2.65217
24 4.25 1.91304
24 4.16667 1.52174
24 4.5 1.95652
24 4.25 1.56522
24 5 2.30435
24 4.66667 2.47826
24 5.16667 3.30435
24 4.41667 1.95652
24 5 2.95652
24 4.41667 2.13043
24 4.5 1.91304
24 5.91667 3.04348
24 4.25 2.04348
24 4.25 1.82609
24 4.58333 1.78261
24 4.83333 2.21739
24 4.25 1.82609
24 5 2.73913
24 4.5 2.52174
24 4.91667 2.04348
24 4.25 1.65217
24 4.91667 2.04348
24 4.5 1.95652
24 5 2.04348
24 4.33333 1.95652
24 4.75 2.17391
24 4.66667 2.52174
24 5 1.95652
24 5 1.82609
24 4.5 1.86957
24 4.58333 1.6087
24 4.58333 2.08696
24 4.33333 2.04348
24 4.33333 1.73913
24 4.41667 2.04348
24 4.5 2
24 4.5 1.91304
24 4.83333 2.82609
24 5.33333 4.08696
24 4.25 2.04348
24 5.41667 3.34783
24 4.33333 1.86957
24 5 3.47826
24 4.66667 2.26087
24 4.16667 1.82609
24 4.58333 2.30435
24 4.58333 2.34783
24 4.91667 2.69565
24 4.5 1.69565
24 5.08333 2.21739
24 4.5 2.6087
24 5.08333 2.47826
24 4.5 1.78261
24 4.75 1.69565
24 4.08333 2.34783
24 4.75 3.3913
24 4.66667 2.43478
24 4.66667 2.95652
24 4.41667 2.34783
24 4.25 1.91304
24 4.5 2.21739
24 4.33333 1.95652
24 4.91667 2.86957
24 4.83333 1.69565
24 4.41667 1.78261
24 4.25 1.78261
24 4.25 2.08696
24 4.58333 2.08696
24 4.41667 2.86957
25 4.64 2.20833
25 4.56 1.75
25 4.48 2.29167
25 4.32 2.08333
25 4.32 1.95833
25 4.32 1.58333
25 4.88 2.66667
25 4.4 1.79167
25 4.96 3
25 5.68 3.58333
25 4.32 2.08333
25 5.04 2.70833
25 4.64 1.70833
25 4.72 2.41667
25 4.32 1.41667
25 4.08 1.70833
25 4.48 1.83333
25 4.4 1.875
25 4.24 2
25 4.4 1.875
25 4.72 2.625
25 4.96 3.20833
25 4.4 2.08333
25 4.48 2.41667
25 5.68 3.29167
25 4.4 2.16667
25 5.28 4.45833
25 4.64 3.04167
25 4.48 1.95833
25 4.72 2.16667
25 5.2 2.625
25 4.88 3.45833
25 4.56 2.08333
25 4.48 1.75
25 4.48 2.20833
25 5.52 3.20833
25 5.28 3.5
25 5.44 2.45833
25 5.68 3.75
25 4.72 2.125
25 4.72 2.04167
25 4.72 2.95833
25 4.64 1.875
25 4.8 2
25 4.32 1.83333
25 4.48 2.75
25 4.56 2.375
25 4.4 2
25 5.12 3.375
25 4.24 1.75
25 4.56 2.41667
25 4.4 2.54167
25 4.24 1.29167
25 4.48 2.54167
25 4.56 2.58333
25 4.32 1.95833
25 4.48 1.45833
25 4.88 3.58333
25 4.96 2.41667
25 4.64 2.5
25 4.8 2.54167
25 5.04 2.54167
25 4.8 2.5
25 4.4 2.58333
25 4.24 1.54167
25 4.96 3.16667
25 5.68 3.16667
25 4.64 2
25 4.4 2.16667
25 5.04 2.5
25 4.64 1.875
25 4.64 2.41667
25 4.48 2.125
25 4.56 2.125
25 5.04 3.83333
25 4.4 2.83333
25 4.64 2.25
25 4.96 2.375
25 4.88 2.20833
25 4.48 2.29167
25 4.48 2.83333
25 4.48 2.20833
25 4.16 1.58333
25 4.64 2.875
25 4.16 1.75
25 4.24 1.95833
25 4.4 1.79167
25 4.72 2.20833
25 4.48 2.33333
25 5.44 2.41667
25 4.48 2.25
25 5.2 3.75
26 5.23077 2.6
26 4.38462 1.84
26 4.53846 1.84
26 4.76923 2.04
26 5.07692 2.92
26 4.53846 2
26 4.15385 1.84
26 4.69231 2.24
26 4.76923 2.24
26 4.23077 1.84
26 4.30769 1.92
26 4.30769 1.8
26 4.61538 2.28
26 4.07692 2.44
26 4.07692 1.48
26 4.38462 1.8
26 4.38462 1.8
26 5 2.4
26 4.84615 2.6
26 4.92308 1.96
26 4.61538 2.44
26 4.53846 2.56
26 4.69231 2.12
26 4.69231 1.8
26 4.69231 1.76
26 4.53846 1.8
26 5.07692 2.48
26 4.76923 2.16
26 4.53846 2.08
26 4.53846 2.6
26 4.23077 1.8
26 4.46154 2.64
26 4.76923 1.96
26 4.38462 1.76
26 5 2.84
26 4.07692 1.32
26 5.15385 3.52
26 4.46154 1.84
26 4.38462 2.72
26 4.38462 2
26 4.23077 2.08
26 4.53846 2.36
26 4.30769 1.84
26 4.30769 2.44
26 4.46154 2.24
26 4.76923 3.48
26 5.30769 3.6
26 5.84615 2.48
26 4.38462 1.8
26 4.76923 2.72
26 4.76923 2.8
26 4.38462 1.8
26 5.23077 2.52
26 5.15385 2.48
26 4.38462 3.32
26 5 2.2
26 4.69231 2.16
26 4.69231 2.16
26 5 3.04
26 4.23077 1.56
26 4.38462 3.2
26 5.53846 3.08
26 4.84615 2.28
26 4.76923 3.24
26 4.61538 2.04
26 4.23077 1.88
26 4.38462 1.64
26 5.92308 2.68
26 4.46154 2.24
26 4.84615 2.36
26 4.53846 1.96
26 4.92308 2.96
26 4.38462 2.12
26 4.46154 1.8
26 4.84615 2.28
26 4.38462 1.48
26 4.15385 1.72
26 4.92308 2.64
26 4.61538 1.96
26 4.76923 1.92
26 4.69231 2.56
26 4.53846 2.32
26 5.69231 3.92
26 5.30769 2.2
26 6.15385 2.88
26 4.61538 2.08
26 4.53846 2.28
26 4.76923 2.4
26 5.30769 2.36
26 4.53846 1.88
26 4.53846 2.04
26 4.61538 2.2
27 4.44444 2.07692
27 4.07407 2.07692
27 4.37037 2
27 4.37037 1.96154
27 5.85185 3.57692
27 4.74074 1.69231
27 5.11111 2.30769
27 4.81481 2.53846
27 4.96296 2
27 4.2963 2.19231
27 4.81481 2.11538
27 4.51852 1.69231
27 4.2963 2.07692
27 4.66667 2.61538
27 4.88889 2.19231
27 4.88889 2.65385
27 4.81481 2.61538
27 4.74074 2.07692
27 4.14815 1.73077
27 5.03704 2.61538
27 4.59259 2.73077
27 4.81481 2.34615
27 4.37037 1.80769
27 5.03704 2.42308
27 4.96296 1.84615
27 5.18519 2.57692
27 4.22222 2.07692
27 4.81481 2.80769
27 4.74074 2.23077
27 4.66667 2.80769
27 4.51852 1.53846
27 5.7037 2.53846
27 4.51852 1.84615
27 4.88889 3.46154
27 5.03704 2.19231
27 4.2963 2.11538
27 4.2963 1.65385
27 4.2963 1.61538
27 4.66667 1.84615
27 4.44444 2.23077
27 4.44444 1.73077
27 4.88889 2.30769
27 4.59259 2.80769
27 4.59259 2.76923
27 4.37037 2.23077
27 4.74074 2.57692
27 4.44444 1.88462
27 4.51852 2.11538
27 4.2963 1.92308
27 4.66667 2.38462
27 4.14815 2.07692
27 4.37037 2.07692
27 4.44444 2.53846
27 4.51852 2.11538
27 4.96296 2.19231
27 4.88889 2.19231
27 4.37037 2.5
27 4.96296 3.23077
27 4.74074 2.57692
27 4.59259 3.15385
27 5.33333 2
27 4.14815 1.73077
27 4.51852 2.15385
27 4.74074 2.84615
27 4.74074 2
27 4.37037 1.88462
27 4.59259 2.76923
27 4.74074 2.23077
27 5.11111 2.73077
27 4.88889 2.73077
27 5.03704 2.38462
27 4.88889 2.42308
27 4.14815 2.34615
27 4.66667 2.34615
27 4.37037 2.5
27 4.37037 1.92308
27 5.48148 3.07692
27 4.88889 2.15385
27 5.33333 4.19231
27 4.59259 2
27 4.74074 2.30769
27 4.51852 2.38462
28 5.35714 3.44444
28 4.07143 1.74074
28 4.35714 1.88889
28 5.14286 3
28 4.92857 2.2963
28 4.35714 2.14815
28 4.57143 2.40741
28 4.35714 2.18519
28 5.07143 3.2963
28 4.35714 2.25926
28 10.5714 5.33333
28 4.64286 2.55556
28 4.64286 3.22222
28 4.78571 2.66667
28 4.5 2
28 4.42857 2.25926
28 5.28571 2.22222
28 4.28571 1.85185
28 5.21429 2.48148
28 4.78571 2.7037
28 5.92857 4.18519
28 5 2.33333
28 5 2.33333
28 4.92857 2.2963
28 4.5 2.03704
28 4.42857 2.2963
28 4.64286 2.03704
28 4.5 1.92593
28 4.21429 1.44444
28 4.21429 1.44444
28 4.64286 2.40741
28 4.21429 1.55556
28 4.92857 2.37037
28 4.71429 2.44444
28 4.85714 3.07407
28 4.42857 1.74074
28 5.92857 3.44444
28 5.71429 4.92593
28 4.78571 2.48148
28 4.5 2.18519
28 4.35714 2
28 4.35714 1.74074
28 4.5 2.14815
28 4.42857 1.81481
28 4.71429 2.25926
28 4.78571 2.55556
28 4.64286 2.62963
28 4.64286 2.33333
28 4.5 1.77778
28 4.71429 2.66667
28 4.57143 2.88889
28 4.35714 1.77778
28 4.85714 3.25926
28 4.42857 2.18519
28 4.85714 2.07407
28 5.21429 4.07407
28 4.42857 1.88889
28 4.92857 2.37037
28 5 3.25926
28 4.28571 1.96296
28 4.92857 3.74074
28 4.85714 2.92593
28 4.21429 1.81481
28 4.85714 2
28 4.35714 1.66667
28 4.92857 3.48148
28 4.42857 2.37037
28 4.64286 2.62963
28 5.71429 3.18519
28 4.42857 2.14815
28 4.85714 2.44444
28 4.57143 2.07407
28 4.35714 1.96296
28 4.35714 2.07407
29 4.55172 2.10714
29 4.48276 1.89286
29 4.48276 2.28571
29 4.48276 2.17857
29 4.68966 2.25
29 5.17241 3.71429
29 4.75862 1.78571
29 4.62069 3
29 4.62069 1.82143
29 4.27586 1.78571
29 4.2069 1.5
29 5.17241 3.07143
29 4.68966 2.89286
29 5.65517 3.17857
29 4.48276 2.10714
29 4.48276 2.17857
29 4.75862 2
29 4.41379 3.14286
29 4.48276 2.14286
29 5.17241 2.39286
29 4.62069 2.28571
29 5.10345 2.53571
29 4.82759 2.10714
29 4.27586 2.07143
29 5.24138 3.89286
29 5.03448 2.28571
29 4.34483 1.5
29 4.89655 3.25
29 4.55172 2.46429
29 5.24138 2.89286
29 4.62069 2.28571
29 4.34483 1.96429
29 4.27586 2.64286
29 5.17241 4.21429
29 4.48276 2.28571
29 4.96552 2.28571
29 4.96552 2.85714
29 4.62069 3.03571
29 4.89655 2.82143
29 5.44828 3.03571
29 4.55172 1.89286
29 5.17241 3.10714
29 4.55172 2.39286
29 4.68966 2.14286
29 4.68966 2.21429
29 5.37931 3.96429
29 4.55172 2.03571
29 4.48276 3.14286
29 4.75862 2.39286
29 4.48276 1.96429
29 4.96552 1.85714
29 4.55172 1.67857
29 4.41379 2.03571
29 4.68966 2.39286
29 4.62069 2.21429
29 4.68966 1.92857
29 4.55172 1.82143
29 4.75862 2.35714
29 4.55172 2.07143
29 4.75862 2.60714
29 4.82759 1.92857
29 4.68966 1.60714
29 4.75862 2.10714
29 4.41379 1.96429
29 4.41379 1.64286
29 7.17241 2.92857
29 4.96552 2.5
29 4.41379 1.64286
29 4.41379 2.03571
29 4.48276 1.82143
29 5.03448 3.10714
29 4.48276 2.5
29 4.41379 1.67857
29 4.55172 2.39286
29 5.17241 2.39286
29 5.44828 3.14286
29 4.96552 2.64286
29 4.75862 1.89286
29 4.55172 2.28571
29 4.89655 2.85714
29 5.51724 4.10714
29 4.89655 2.35714
29 4.82759 2.92857
29 4.68966 2.25
29 4.68966 2.42857
30 4.8 2.48276
30 4.53333 2.44828
30 4.73333 2.51724
30 4.46667 2.31034
30 5.2 2.58621
30 4.66667 2
30 5 2.65517
30 4.26667 2.03448
30 5 2
30 4.93333 4.06897
30 4.66667 2.06897
30 5.06667 2.65517
30 5.46667 2.68966
30 4.93333 2.89655
30 4.8 2.93103
30 4.8 2.55172
30 4.66667 2.2069
30 4.8 1.7931
30 4.66667 2.51724
30 5 2.31034
30 4.73333 2.68966
30 4.33333 2.37931
30 4.2 2.2069
30 4.66667 2.10345
30 4.6 2.37931
30 4.53333 1.82759
30 4.33333 2.2069
30 5.2 2.51724
30 4.53333 2.68966
30 4.86667 2.2069
30 4.4 2
30 4.46667 2
30 4.46667 2.65517
30 4.8 2.27586
30 4.53333 2.41379
30 4.46667 2.13793
30 4.4 1.96552
30 4.46667 1.86207
30 4.73333 2.17241
30 5 2.82759
30 4.66667 2.62069
30 5 3.03448
30 4.33333 1.82759
30 4.6 2.31034
30 4.46667 2.27586
30 4.66667 2.17241
30 5.46667 3.27586
30 4.86667 1.96552
30 4.46667 1.89655
30 4.6 2.27586
30 4.53333 1.58621
30 4.6 2.10345
30 4.46667 1.7931
30 5.06667 2.75862
30 4.8 2.7931
30 4.8 2.27586
30 4.8 1.72414
30 4.93333 4.51724
30 4.46667 2.86207
30 4.46667 2.37931
30 4.33333 1.44828
30 4.53333 2.10345
30 4.53333 1.58621
30 4.93333 2.48276
30 4.8 2.48276
30 4.46667 1.7931
30 4.46667 2.51724
30 5 2.62069
30 4.66667 2.75862
30 4.6 2.37931
30 4.46667 2
31 4.70968 2.26667
31 4.3871 2
31 5.22581 2.56667
31 4.70968 2.06667
31 5.22581 2.36667
31 4.51613 2
31 4.3871 1.83333
31 5.03226 2.13333
31 4.77419 2.76667
31 4.77419 2.83333
31 4.64516 2.2
31 4.45161 2.5
31 4.58065 3.33333
31 4.51613 2.03333
31 4.06452 1.83333
31 4.64516 2.13333
31 4.3871 2.3
31 4.64516 1.86667
31 4.32258 1.66667
31 4.77419 2.53333
31 4.58065 2
31 4.64516 2.23333
31 4.51613 2.06667
31 4.32258 1.56667
31 4.45161 1.56667
31 4.45161 1.86667
31 4.51613 2.46667
31 4.58065 2.53333
31 6.19355 4.9
31 4.64516 2.8
31 4.96774 1.96667
31 4.51613 1.76667
31 4.64516 2.83333
31 4.51613 3.13333
31 4.51613 1.96667
31 4.70968 1.7
31 4.58065 2.03333
31 4.58065 2.1
31 4.51613 2.23333
31 5.03226 3.3
31 4.90323 2
31 5.03226 2.43333
31 5.03226 2.7
31 4.58065 2.23333
31 4.58065 1.7
31 5.6129 2.96667
31 5.03226 2.66667
31 4.3871 1.9
31 4.90323 2.13333
31 4.51613 2.3
31 4.32258 1.8
31 4.64516 1.96667
31 5.22581 2.26667
31 4.3871 2.23333
31 4.83871 2.83333
31 4.58065 2.06667
31 4.32258 1.8
31 4.58065 2.16667
31 4.45161 1.96667
31 4.83871 2.33333
31 4.25806 1.7
31 4.70968 1.96667
31 4.51613 2
31 4.58065 2.36667
31 4.58065 1.96667
31 4.64516 1.9
31 4.64516 2.76667
31 4.3871 2.13333
31 4.70968 1.96667
31 4.70968 2.9
31 4.19355 1.96667
31 4.64516 3
31 5.16129 3.13333
31 5.29032 3.66667
31 5.6129 3.56667
31 8.3871 4.4
31 4.83871 3.36667
31 4.51613 2.53333
31 5.03226 2.4
31 4.3871 2.3
31 4.45161 1.76667
31 4.96774 2.86667
31 4.70968 2.5
31 5.29032 2.9
31 4.70968 2.06667
31 4.70968 2.43333
31 4.77419 2.23333
31 4.70968 2.2
31 4.64516 1.9
31 5.09677 2.66667
32 5.1875 3.16129
32 4.8125 1.87097
32 4.625 3.12903
32 4.625 2.45161
32 4.4375 2.3871
32 4.5 2.3871
32 5.5625 4.35484
32 4.875 2.22581
32 5.125 2.35484
32 4.625 2.03226
32 4.3125 2.29032
32 4.5 2.19355
32 4.5625 2.25806
32 4.375 2.16129
32 5.3125 2.29032
32 4.5625 2.67742
32 4.75 2.67742
32 4.5625 2.3871
32 4.375 2.03226
32 4.8125 2.22581
32 4.75 2.64516
32 4.6875 2.67742
32 5 2.25806
32 4.375 2.19355
32 4.9375 2.35484
32 4.9375 2.51613
32 4.5625 2.09677
32 5.125 2.35484
32 4.6875 2.83871
32 4.375 2.45161
32 4.6875 2.03226
32 4.875 3
32 5.0625 2.54839
32 4.4375 1.93548
32 6 2.93548
32 4.625 2.80645
32 4.625 2.48387
32 5 2.6129
32 5.875 4.51613
32 4.5625 2.16129
32 4.6875 2.83871
32 4.5625 2.83871
32 6.375 3.77419
32 5.1875 2.64516
32 4.6875 2.74194
32 4.875 2.32258
32 4.875 2.70968
32 4.625 2.41935
32 5.0625 2.35484
32 5.25 3.90323
32 4.5 2.06452
32 4.9375 2.3871
32 4.75 1.93548
32 4.8125 3.93548
32 4.4375 2.35484
32 4.5625 2.67742
32 4.25 1.74194
32 4.5625 2.3871
32 4.875 2.93548
32 4.8125 3.16129
32 4.625 2
32 4.8125 2.45161
32 4.5625 2.54839
32 5.0625 2.96774
32 5.25 4.32258
32 4.6875 2.09677
32 4.4375 2.09677
32 4.75 2.45161
32 5.25 2.32258
32 4.6875 1.93548
32 4.5 2.06452
32 4.75 2.29032
32 4.375 2
32 4.5625 2.29032
32 4.375 2.09677
32 4.875 2.77419
32 4.9375 2.32258
32 4.875 2.3871
32 4.9375 2.70968
32 5.3125 2.70968
32 4.5625 2.87097
32 4.5 2.06452
32 4.5 1.54839
33 4.72727 2.46875
33 4.84848 2.40625
33 4.48485 1.78125
33 5.27273 3.46875
33 4.60606 2.53125
33 4.66667 2.375
33 4.24242 2.21875
33 4.42424 2.15625
33 4.54545 1.8125
33 4.9697 3.90625
33 5.0303 3
33 4.78788 1.84375
33 5.69697 3.21875
33 4.84848 3.46875
33 5.15152 2.25
33 4.90909 2.625
33 4.60606 1.90625
33 4.30303 1.625
33 4.78788 3.34375
33 4.54545 2.625
33 4.36364 1.59375
33 4.60606 2.9375
33 4.60606 2.03125
33 5.21212 2.53125
33 4.9697 2.46875
33 5.09091 2.5625
33 5.09091 3.65625
33 4.54545 1.8125
33 4.66667 2.59375
33 6.18182 3.15625
33 5.0303 2.03125
33 4.66667 2.46875
33 4.48485 2.53125
33 4.36364 2
33 4.78788 2.21875
33 4.72727 2.875
33 5.15152 2.75
33 4.84848 2.28125
33 4.60606 2.15625
33 4.78788 2.34375
33 4.54545 2
33 4.9697 2.6875
33 4.9697 3.15625
33 4.9697 2.375
33 4.42424 2.15625
33 4.48485 2.53125
33 4.54545 2.34375
33 4.36364 2
33 4.78788 2.21875
33 5.39394 2.5625
33 4.84848 2.34375
33 4.60606 2.625
33 4.90909 1.96875
33 4.60606 2.1875
33 4.72727 2.28125
33 4.60606 2.15625
33 5.33333 2.875
33 4.66667 2.53125
33 4.42424 2.8125
33 4.30303 2.0625
33 4.66667 2.4375
33 4.78788 1.9375
33 4.90909 3
33 5.63636 3.5
33 5.27273 2.84375
33 4.84848 2.8125
33 4.60606 2.65625
33 4.54545 2
33 5.21212 3.6875
33 4.48485 1.84375
33 4.36364 2.125
33 4.60606 2.59375
33 4.48485 2
33 4.9697 3.125
33 4.60606 3.375
33 4.84848 3
33 4.72727 2.46875
34 4.58824 2.42424
34 4.94118 3.30303
34 4.82353 1.9697
34 4.35294 1.81818
34 4.35294 2.33333
34 4.76471 1.93939
34 5 2.48485
34 4.58824 2.72727
34 5.29412 2.33333
34 5.23529 3.15152
34 7.47059 3.60606
34 4.94118 2.12121
34 4.47059 2.30303
34 5.23529 2.75758
34 4.82353 2.72727
34 4.41176 2.12121
34 5.35294 2.54545
34 4.88235 2.51515
34 4.64706 3.33333
34 4.64706 2.12121
34 4.58824 3.15152
34 5.05882 3.12121
34 4.41176 2.27273
34 4.41176 2.24242
34 4.70588 2.21212
34 4.70588 1.66667
34 4.47059 2.21212
34 5.47059 2.9697
34 4.35294 2.30303
34 4.70588 2.0303
34 4.76471 2.09091
34 4.82353 3.33333
34 4.88235 2.33333
34 4.76471 2.60606
34 4.47059 1.78788
34 4.58824 2.36364
34 4.82353 2.60606
34 4.64706 2.33333
34 4.58824 2.75758
34 5.29412 2.63636
34 5.23529 4.12121
34 5.05882 3.39394
34 5.17647 4.15152
34 5.11765 2.75758
34 4.41176 2.84848
34 4.29412 1.87879
34 4.70588 2.42424
34 4.70588 2.60606
34 4.64706 2.69697
34 5 2.93939
34 4.76471 2.66667
34 4.29412 2
34 4.23529 2.09091
34 4.64706 2.30303
34 4.29412 1.66667
34 4.58824 2.90909
35 5.08571 3.29412
35 4.74286 2.76471
35 6.74286 3.14706
35 4.62857 2
35 4.57143 1.88235
35 4.85714 2.61765
35 5.14286 1.97059
35 4.97143 2.55882
35 4.74286 2.76471
35 5.31429 2.94118
35 4.51429 2.11765
35 4.45714 2.91176
35 4.57143 2.88235
35 4.85714 2.20588
35 4.85714 2.26471
35 4.45714 2.11765
35 4.57143 1.91176
35 4.97143 2.70588
35 5.02857 3.02941
35 4.97143 2.26471
35 5.08571 2.52941
35 6.91429 3.55882
35 4.8 3.55882
35 4.68571 3.17647
35 4.22857 2.26471
35 4.22857 2.35294
35 5.25714 2.47059
35 4.74286 2.38235
35 5.82857 2.52941
35 4.8 2.79412
35 4.97143 3.17647
35 4.57143 1.85294
35 4.45714 1.85294
35 5.08571 2.41176
35 4.8 2.82353
35 4.68571 2.52941
35 4.85714 3.5
35 5.02857 2.23529
35 4.34286 1.91176
35 5.02857 3.55882
35 4.45714 2.32353
35 4.74286 3.61765
35 4.85714 1.91176
35 4.68571 2.67647
35 4.57143 2.41176
35 4.85714 3.5
35 4.51429 1.97059
35 4.62857 2.23529
35 4.91429 3.61765
35 4.97143 2.67647
35 4.68571 3.02941
35 5.08571 2.41176
35 4.57143 2.55882
35 4.57143 2.35294
35 5.08571 1.91176
35 4.62857 2.41176
35 4.57143 2.97059
35 4.85714 3.55882
35 5.25714 2.85294
36 5.83333 3.77143
36 5.27778 3.05714
36 4.77778 2.34286
36 4.55556 2.8
36 4.55556 2.22857
36 4.55556 2.2
36 4.61111 2.6
36 4.61111 1.91429
36 4.38889 2.08571
36 4.44444 3.28571
36 5.05556 4.28571
36 4.61111 1.65714
36 4.83333 2.37143
36 5.05556 2.65714
36 4.83333 2.17143
36 4.72222 3.51429
36 4.72222 3.97143
36 4.38889 2.48571
36 4.94444 4.08571
36 4.61111 2.08571
36 4.33333 2.17143
36 4.5 2.17143
36 4.72222 2.14286
36 5.44444 2.88571
36 4.44444 2.2
36 4.38889 2.05714
36 4.61111 2.11429
36 4.27778 2.02857
36 4.94444 3.82857
36 4.5 1.8
36 4.83333 2.97143
36 4.38889 2.51429
36 5.11111 3.4
36 5.05556 2.71429
36 4.72222 2.48571
36 4.88889 1.97143
36 4.72222 2.48571
36 4.61111 2.68571
36 4.88889 2.62857
36 4.61111 2.85714
36 4.66667 2.54286
36 5.05556 2.48571
36 4.61111 2.14286
36 4.5 2.25714
36 4.72222 2.62857
36 4.83333 3.02857
36 5.16667 3.94286
36 4.88889 2.74286
36 4.5 1.91429
36 4.88889 2
36 5.27778 3.08571
36 5.16667 3.8
36 4.66667 1.88571
36 4.5 2.4
36 5.33333 4.48571
36 4.72222 2.51429
36 4.66667 2.57143
36 4.61111 2.22857
36 4.94444 3.11429
36 4.88889 2.91429
36 5 2.88571
36 4.77778 2.34286
36 4.88889 4.34286
36 4.38889 2.31429
36 4.88889 2.57143
36 5.11111 2.08571
36 4.77778 2.77143
36 4.61111 2.4
36 4.66667 1.88571
36 4.88889 2.68571
36 5.11111 3.2
36 5.94444 3.34286
36 4.44444 2.25714
36 5.5 4.08571
36 5.27778 3.31429
36 4.55556 1.91429
37 4.59459 2.38889
37 4.59459 2.22222
37 4.75676 3.25
37 5.24324 2.41667
37 4.54054 2.66667
37 4.54054 2
37 4.7027 2.33333
37 4.54054 2.08333
37 4.48649 2.75
37 4.86486 3.16667
37 4.54054 2.25
37 4.75676 2.69444
37 4.37838 2.08333
37 5.40541 2.88889
37 4.97297 3.30556
37 4.75676 1.80556
37 4.7027 2.27778
37 4.59459 2.08333
37 4.59459 2.02778
37 4.59459 1.86111
37 4.97297 2.13889
37 4.59459 1.75
37 4.54054 2.41667
37 4.59459 1.94444
37 5.02703 3.80556
37 5.02703 3.80556
37 4.48649 2.22222
37 4.7027 1.91667
37 5.35135 2.77778
37 4.75676 2.52778
37 5.13514 3.69444
37 4.54054 1.91667
37 4.7027 2.27778
37 4.75676 2.11111
37 4.59459 1.91667
37 4.81081 2.94444
37 4.59459 2.36111
37 5.18919 3.16667
37 4.7027 2.05556
37 4.43243 2.55556
37 4.64865 2.02778
37 4.64865 2.44444
37 4.86486 2.80556
37 5.13514 3.75
37 4.37838 2.02778
37 5.56757 3.55556
37 5.24324 3.16667
37 4.7027 2.30556
37 4.59459 1.94444
37 5.45946 5.25
37 5.13514 3.25
37 6.81081 5.22222
37 5.02703 3.77778
37 4.81081 4.80556
37 4.48649 2.05556
37 4.81081 3
37 4.75676 2.80556
37 5.2973 2.91667
37 4.75676 2.58333
37 4.54054 1.86111
37 5.62162 4.52778
37 5.13514 3.41667
37 5.18919 3.61111
37 5.51351 3.47222
37 4.75676 2.11111
37 4.54054 2.75
37 4.48649 2.11111
37 4.32432 2.19444
37 4.91892 2.02778
37 5.40541 2.86111
37 5.72973 4.5
38 4.63158 2.21622
38 4.68421 2.97297
38 4.78947 2.59459
38 5.42105 3.51351
38 4.47368 2.78378
38 4.36842 2.2973
38 4.68421 2.40541
38 4.31579 2.05405
38 4.52632 2.51351
38 4.73684 2.21622
38 4.94737 3.05405
38 5 2.32432
38 5.26316 3.37838
38 4.89474 2.13514
38 5.10526 3.27027
38 4.36842 3.62162
38 5.10526 2.54054
38 4.36842 2.10811
38 4.63158 1.97297
38 4.84211 2.97297
38 4.78947 2.10811
38 5.21053 3.37838
38 4.89474 2.83784
38 5.10526 1.94595
38 4.84211 2.02703
38 4.68421 2
38 4.84211 2.40541
38 4.84211 2.97297
38 5.15789 3.89189
38 5.05263 2.56757
38 4.84211 3.05405
38 4.47368 2.45946
38 4.84211 2.72973
38 4.42105 2.10811
38 4.63158 1.86486
38 4.84211 2.72973
38 4.73684 2.94595
38 4.73684 3.48649
38 4.84211 2.43243
38 4.42105 2.86486
38 5.15789 3.37838
38 4.78947 2.45946
38 4.63158 2.7027
38 4.47368 2.05405
38 4.47368 2
38 4.73684 2.45946
38 5.10526 2.40541
38 4.89474 2.78378
38 4.89474 2.54054
38 5.42105 3.27027
38 4.52632 2.35135
38 4.42105 2.10811
38 4.31579 2.43243
38 4.78947 2.18919
38 5.10526 2.43243
38 4.89474 2.37838
38 5 2.48649
38 4.73684 2.59459
38 6.84211 3.91892
39 4.5641 1.76316
39 4.66667 2.44737
39 4.92308 2.21053
39 4.92308 2.86842
39 4.61538 3.18421
39 4.5641 2.23684
39 4.87179 2.63158
39 4.41026 1.76316
39 4.82051 2.78947
39 4.51282 2.81579
39 4.82051 2.60526
39 5.12821 3.68421
39 4.87179 3.13158
39 4.87179 2.52632
39 4.66667 2.18421
39 4.66667 2.28947
39 4.66667 2.28947
39 4.92308 2.89474
39 4.5641 2.07895
39 4.87179 2.81579
39 4.76923 1.89474
39 4.87179 1.81579
39 4.5641 2.34211
39 4.51282 1.92105
39 4.41026 2.26316
39 5.17949 3.28947
39 4.5641 2
39 4.61538 2.44737
39 4.71795 2.18421
39 4.82051 2.55263
39 4.92308 2.94737
39 4.92308 1.84211
39 4.66667 2.18421
39 4.92308 2.55263
39 4.61538 2.21053
39 4.46154 2.10526
39 5.4359 2.65789
39 5.02564 2.5
39 4.46154 1.89474
39 4.41026 2.07895
39 4.51282 2.34211
39 4.87179 2.31579
39 4.5641 2.07895
39 4.66667 3.07895
39 4.76923 2.36842
39 4.92308 2.78947
39 5.07692 2.71053
39 4.71795 2.26316
39 4.51282 1.73684
39 4.51282 2.28947
39 4.71795 2.21053
39 4.66667 2.57895
39 4.66667 2.18421
39 4.5641 2.13158
39 5.02564 2.92105
39 4.5641 2.05263
39 4.87179 3.02632
39 4.66667 2.21053
39 4.87179 2.73684
39 4.82051 3.34211
40 5.05 3.25641
40 4.95 1.71795
40 4.4 1.87179
40 4.75 3.10256
40 4.35 2.28205
40 4.75 1.97436
40 4.55 2.71795
40 4.9 2.17949
40 4.85 3.17949
40 4.75 2.69231
40 4.65 1.87179
40 5.45 2.30769
40 4.85 1.92308
40 4.5 2.07692
40 5.1 2.69231
40 5 3.53846
40 5.3 4.76923
40 5.15 2.82051
40 4.65 2
40 5.15 4.33333
40 5.15 3.4359
40 4.8 1.89744
40 5.05 3.25641
40 4.5 2.58974
40 4.8 2.23077
40 4.45 2.17949
40 5 3.17949
40 4.95 2.69231
40 4.9 3.15385
40 5.1 3.82051
40 4.75 2.30769
40 4.9 3.25641
40 4.9 4.07692
40 4.35 1.92308
40 4.85 3.74359
40 4.65 2.10256
40 5.2 2.4359
40 5.05 3.53846
40 4.6 2.53846
40 4.7 2.33333
40 4.55 2.33333
40 5.15 3.5641
40 4.7 2.61538
40 4.85 3
40 4.85 2.48718
41 5.12195 3.7
41 5.07317 2.2
41 4.53659 1.675
41 5.02439 2.125
41 5.80488 2.65
41 4.63415 2.575
41 4.53659 2.1
41 6.09756 4.425
41 4.87805 2.65
41 4.97561 3.65
41 4.78049 2.675
41 4.97561 2.15
41 4.78049 3.1
41 4.73171 3.075
41 4.87805 2.6
41 4.92683 1.9
41 4.63415 2.375
41 5.07317 2.85
41 4.87805 2.625
41 4.4878 2.625
41 4.82927 2.1
41 5.60976 4.8
41 4.58537 2.325
41 4.53659 2.4
41 4.92683 2.325
41 4.43902 2.15
41 4.82927 2.475
41 4.78049 2.475
41 4.68293 2.5
41 5.46341 2.625
41 4.97561 3
41 4.53659 2.45
41 4.87805 2.775
41 4.58537 3.325
41 4.58537 2.55
41 5.02439 2.95
41 4.43902 2.725
41 4.68293 1.775
41 4.82927 2.675
41 5.12195 2.825
41 5.02439 2.425
41 4.87805 2.525
41 5.56098 3.95
41 5.5122 2.5
41 4.53659 2.15
41 4.34146 1.875
41 4.97561 2.85
42 5.14286 3
42 5.52381 2.5122
42 4.95238 3.60976
42 4.7619 2.70732
42 4.71429 2.95122
42 4.95238 2.46341
42 5 2.78049
42 4.47619 1.63415
42 4.47619 2.14634
42 4.7619 2.39024
42 5.28571 3.2439
42 5.2381 4.2439
42 4.61905 2.21951
42 4.7619 2.31707
42 4.85714 2.39024
42 4.95238 3.31707
42 5.04762 2.46341
42 4.66667 2.53659
42 4.7619 2.34146
42 5.66667 2.87805
42 4.95238 2.36585
42 5.04762 3.36585
42 4.47619 2.31707
42 5.04762 3.65854
42 4.90476 3.19512
42 4.85714 2.19512
42 4.85714 2.78049
42 4.85714 2.46341
42 4.95238 2.85366
42 4.80952 2.12195
42 4.57143 2.36585
42 5.04762 2.31707
42 4.57143 2
42 4.52381 2.34146
42 4.61905 2.41463
42 4.52381 2.41463
42 4.57143 2.19512
42 4.90476 3.02439
42 4.57143 2.26829
42 4.85714 2.70732
42 4.66667 1.85366
42 4.52381 2.70732
42 5.14286 3.58537
42 4.80952 1.82927
42 5.19048 2.65854
42 4.90476 3.07317
42 4.57143 1.80488
42 4.71429 2.5122
43 4.93023 3.40476
43 4.60465 2.16667
43 5.48837 3.2619
43 4.46512 2.21429
43 4.55814 1.90476
43 4.65116 2.14286
43 5.34884 2.95238
43 4.7907 2.92857
43 4.55814 2.35714
43 4.97674 2.69048
43 5.11628 2.5
43 4.46512 1.83333
43 5.25581 3.09524
43 4.69767 2
43 4.83721 3.33333
43 5.06977 2.5
43 4.93023 2.52381
43 5.39535 2.83333
43 4.7907 2.78571
43 4.55814 2.59524
43 4.69767 3.35714
43 4.60465 2.21429
43 4.83721 3
43 5.02326 2.30952
43 4.27907 1.7381
43 4.69767 2.19048
43 4.97674 2.2619
43 4.74419 2.45238
43 4.51163 2.14286
43 4.93023 2.30952
43 4.97674 2.83333
43 4.69767 2.71429
43 4.7907 3.16667
43 5.02326 2.71429
43 4.46512 2.38095
43 4.60465 2.2619
43 4.69767 3.54762
43 5.06977 3.78571
43 5.11628 3.5
43 4.74419 1.88095
43 4.74419 2.42857
43 4.60465 3.07143
43 4.60465 2.45238
43 5.06977 2.5
43 4.97674 2.92857
43 5.34884 2.83333
43 4.69767 2.57143
43 4.65116 3.09524
43 5.76744 2.90476
43 5.2093 3.2619
43 4.69767 2.54762
43 5.34884 2.71429
43 5.11628 2.71429
43 4.74419 2.33333
43 4.65116 1.83333
43 4.65116 2.28571
43 5.02326 3.5
43 4.69767 2.54762
43 4.93023 2.11905
43 4.7907 2.47619
44 4.90909 2.90698
44 4.81818 2.39535
44 4.45455 2.23256
44 4.81818 2.11628
44 4.95455 2.48837
44 4.86364 3.25581
44 4.86364 3.25581
44 4.77273 2.46512
44 4.95455 2.60465
44 4.86364 2.46512
44 4.95455 2.30233
44 5.09091 2.53488
44 4.63636 2.25581
44 4.90909 2.74419
44 5 3.02326
44 4.95455 3.37209
44 5.13636 2.81395
44 5.90909 2.69767
44 4.81818 2.72093
44 4.63636 1.81395
44 4.63636 2.09302
44 5.86364 4.06977
44 4.54545 2.39535
44 5.59091 4.09302
44 4.77273 2.5814
44 4.90909 2.11628
44 4.72727 2.51163
44 4.68182 1.74419
44 4.72727 2.34884
44 5.77273 3.5814
44 4.86364 2.62791
44 4.77273 2.11628
44 4.68182 1.95349
44 4.59091 2.93023
44 4.81818 2.60465
44 4.5 2.23256
44 4.68182 2.09302
44 4.86364 2.25581
44 4.81818 2.83721
44 5.31818 2.72093
44 5.59091 2.88372
45 4.44444 2
45 4.4 1.77273
45 4.93333 2.59091
45 4.84444 2.90909
45 4.62222 2.25
45 4.71111 2.88636
45 4.71111 2.93182
45 4.88889 2.56818
45 4.66667 2.13636
45 5.24444 2.97727
45 5.68889 2.56818
45 4.88889 2.36364
45 5.15556 2.65909
45 5.68889 4.22727
45 4.35556 2.02273
45 4.53333 2.25
45 5.64444 3.72727
45 6.26667 3.79545
45 4.93333 2.75
45 4.62222 2.18182
45 5.06667 2.63636
45 4.66667 2.77273
45 4.62222 2.06818
45 4.93333 3.29545
45 4.62222 2.13636
45 4.71111 2.75
45 4.66667 2.43182
45 4.53333 1.84091
45 4.44444 2.20455
45 5.02222 5.02273
45 4.8 2.5
45 4.88889 2.79545
45 5.2 4.15909
45 5.42222 3.36364
45 4.75556 2.95455
45 4.88889 2.88636
45 4.71111 2.34091
45 4.97778 2.88636
45 4.53333 2.54545
45 5.37778 3.13636
46 4.86957 2.8
46 5.04348 2.51111
46 7.43478 4.75556
46 5.3913 2.71111
46 4.91304 2.62222
46 4.47826 2.84444
46 4.56522 2.35556
46 4.95652 2.4
46 4.91304 2.55556
46 4.69565 1.86667
46 5.34783 2.88889
46 4.69565 2.26667
46 4.47826 2.62222
46 6.69565 7.17778
46 4.65217 2.2
46 5.04348 2.77778
46 4.82609 3.11111
46 4.56522 2.44444
46 4.3913 2.08889
46 5.26087 2.31111
46 5.21739 3.22222
46 4.78261 2.84444
46 5.52174 2.42222
46 4.65217 2.93333
46 5 3.15556
46 4.56522 2.8
46 4.78261 2.73333
46 4.95652 3.13333
46 5.13043 4.6
46 5.26087 2.88889
46 5.13043 2.42222
46 5.78261 3.02222
46 4.47826 2.8
46 5.65217 5.11111
46 4.6087 2.33333
47 4.42553 2.47826
47 4.85106 3.23913
47 5.02128 3.8913
47 4.89362 2.69565
47 5.06383 2.84783
47 4.38298 1.82609
47 5.06383 4.08696
47 4.55319 2.17391
47 4.85106 2.58696
47 4.51064 2.34783
47 4.6383 1.84783
47 4.80851 2.34783
47 4.55319 2.13043
47 4.80851 3.1087
47 4.46809 2.21739
47 5.3617 2.34783
47 5.74468 7.30435
47 4.7234 2.58696
47 4.68085 2.58696
47 4.97872 2.71739
47 4.55319 3.15217
47 4.85106 2.47826
47 7.31915 4.43478
47 4.80851 2.06522
47 4.51064 1.97826
47 5.10638 2.47826
47 4.51064 1.8913
47 5.23404 3.6087
47 4.59574 1.97826
47 4.6383 2.71739
47 5.02128 2.17391
47 5.10638 4.13043
48 4.79167 2.74468
48 4.54167 2.14894
48 4.625 1.82979
48 5.5 3.29787
48 5.16667 3.48936
48 4.83333 2.04255
48 4.75 2.23404
48 4.875 2.7234
48 4.75 2.42553
48 5.08333 2.6383
48 5.04167 2.21277
48 6 3.12766
48 5.70833 4.10638
48 5.25 3.02128
48 4.58333 2.82979
48 4.29167 1.87234
48 5.33333 2.7234
48 5 2.51064
48 5.08333 2.53191
48 4.75 2.19149
48 4.95833 3.10638
48 4.95833 2.95745
48 4.75 2.59574
48 5.08333 2.68085
48 4.91667 3.53191
48 4.70833 2.80851
48 4.91667 2.51064
48 4.95833 2.55319
48 4.66667 2.44681
48 4.75 2.91489
49 4.89796 3.91667
49 4.69388 2.5625
49 4.69388 2.77083
49 4.53061 2.1875
49 4.69388 2.10417
49 4.73469 2.6875
49 4.97959 2.75
49 4.85714 2.375
49 4.69388 2.70833
49 4.73469 2.0625
49 5.71429 2.85417
49 6.16327 3.27083
49 5.02041 2.9375
49 4.77551 2.4375
49 4.85714 2.35417
49 4.65306 3.41667
49 5.10204 2.875
49 4.4898 2.29167
49 5.34694 2.54167
49 5.42857 4.45833
49 5.34694 2.625
49 4.77551 2.54167
49 5.06122 2.45833
49 5.06122 3.52083
49 5.26531 3.47917
49 4.73469 2.47917
49 4.69388 2.27083
49 5.18367 3.35417
49 4.93878 2.58333
49 4.97959 2.625
49 4.93878 2.97917
49 4.53061 2.16667
50 4.64 2.30612
50 21.36 16.6939
50 5.08 2.67347
50 4.44 1.67347
50 5.12 2.89796
50 4.76 2.79592
50 5.24 3.77551
50 4.52 2.20408
50 4.92 3.20408
50 4.68 2.18367
50 5.28 3.06122
50 5.04 2.77551
50 4.6 3.40816
50 4.52 3.38776
50 4.92 2.30612
50 4.64 3.02041
50 5.4 3.44898
50 4.84 2.36735
50 4.68 2.12245
50 4.68 2.65306
50 4.48 2.63265
50 4.72 2.7551
50 5.84 3.36735
50 4.92 2.73469
50 5.16 3.77551
50 5.08 3.20408
50 4.68 2.53061
50 6.44 4.16327
50 4.72 3.38776
50 5.08 3.5102
50 4.88 2.38776
50 5.16 2.4898
50 4.76 3.26531
51 5.4902 2.96
51 6.23529 4.14
51 4.86275 3.66
51 4.5098 1.86
51 4.5098 2.28
51 5.84314 4.16
51 4.70588 2.94
51 4.7451 2.32
51 4.90196 2.6
51 5.13725 2.84
51 4.78431 2.5
51 4.94118 2.86
51 4.82353 2.5
51 4.78431 3.12
51 5.41176 3.42
51 4.86275 3.38
51 4.62745 2.58
51 4.58824 2.14
51 4.5098 2.94
51 5.01961 2.78
51 4.86275 3.02
51 4.7451 2.5
52 4.46154 1.58824
52 4.76923 2.54902
52 4.84615 2.03922
52 5.23077 2.56863
52 5.46154 3.31373
52 4.96154 3.88235
52 4.61538 3.2549
52 8 4.86275
52 4.57692 2.45098
52 4.73077 2.01961
52 5.11538 3.31373
52 5.42308 2.4902
52 4.61538 2.45098
52 4.61538 2.27451
52 4.69231 2.01961
52 5.26923 3.39216
52 5.23077 3.7451
52 5.30769 4.7451
52 4.65385 2.70588
52 4.57692 2.11765
52 4.88462 2.52941
52 5 2.03922
52 5.11538 3.11765
52 4.53846 2.72549
52 5.15385 3.64706
52 5.61538 3.27451
52 4.92308 2.66667
52 4.96154 2.92157
53 5.01887 2.44231
53 4.90566 2.51923
53 4.5283 1.98077
53 4.83019 2.51923
53 4.83019 2.65385
53 5.54717 2.38462
53 5.39623 2.51923
53 4.67925 1.96154
53 7.20755 4.90385
53 5.09434 2.01923
53 4.71698 2.28846
53 4.79245 2.36538
53 4.9434 2.67308
53 4.67925 2.5
53 5.66038 2.44231
53 4.79245 2.80769
53 4.79245 2.13462
53 4.67925 2.19231
53 5.01887 4.01923
53 4.71698 2.80769
53 5.09434 2.69231
53 4.83019 2.63462
53 4.79245 2.98077
53 5.24528 3.59615
53 5.24528 2.98077
54 4.88889 2.92453
54 5.07407 2.09434
54 5.14815 3.35849
54 4.77778 3.90566
54 6.33333 2.88679
54 4.85185 2.24528
54 4.85185 2.79245
54 5.22222 2.33962
54 5.44444 4.15094
54 4.55556 2.64151
54 4.74074 2.56604
54 4.96296 2.62264
54 4.85185 4.43396
54 5.07407 2.62264
54 5.37037 2.96226
54 4.88889 2.66038
54 4.55556 1.98113
54 4.66667 3.69811
54 4.81481 2.56604
54 7.81481 8.54717
55 4.87273 2.38889
55 4.69091 2.03704
55 4.58182 2.01852
55 4.76364 2.90741
55 5.67273 4.22222
55 4.76364 2.85185
55 5.27273 3.96296
55 4.90909 2.51852
55 5.2 4.31481
55 5.09091 2.18519
55 4.65455 2.48148
55 4.98182 3.07407
55 4.98182 3.31481
55 5.85455 3.01852
55 4.94545 3.57407
55 4.8 2.37037
55 4.4 2.33333
55 5.49091 4.64815
55 4.65455 2.40741
55 4.87273 2.09259
55 4.94545 3.83333
55 5.34545 4.12963
55 4.98182 2.5
55 4.94545 2.09259
55 5.01818 2.55556
56 5 2.41818
56 5.21429 2.61818
56 5.21429 3.50909
56 5.14286 2.96364
56 5.10714 3.96364
56 5.60714 3.41818
56 4.85714 2.18182
56 5.03571 3.14545
56 4.64286 3.18182
56 4.67857 2.4
56 4.78571 3
56 4.64286 3.36364
56 5.35714 3.03636
56 4.96429 3.25455
56 4.75 3.14545
56 5.42857 3.03636
56 5.85714 2.81818
56 4.64286 2.74545
56 4.64286 2.05455
57 5.26316 4.10714
57 4.84211 3.23214
57 4.66667 2.69643
57 4.84211 3.07143
57 4.91228 2.75
57 4.73684 2.46429
57 5.36842 3.51786
57 4.66667 2.10714
57 5.19298 3.39286
57 4.77193 2.35714
57 12.6316 12.0893
57 4.84211 3.32143
57 4.63158 2.57143
57 5.4386 3.17857
57 4.70175 2.55357
57 5.05263 2.53571
57 5.05263 4.39286
57 9.29825 6.26786
57 5.12281 3.35714
57 4.66667 2.32143
57 4.59649 2.80357
57 5.82456 3.41071
58 4.55172 2.15789
58 4.68966 2.31579
58 4.51724 2.10526
58 4.7931 2.70175
58 6.31034 6.36842
58 4.55172 2.31579
58 5.03448 2.80702
58 5.31034 3.33333
58 4.93103 2.96491
58 5.44828 3.82456
58 5.48276 3.40351
58 4.58621 2.29825
58 4.96552 2.21053
58 4.89655 2.15789
58 4.51724 2.10526
58 4.93103 2.94737
58 4.93103 2.64912
58 4.72414 2.07018
58 4.86207 2.70175
58 4.75862 2.15789
58 5.10345 3.45614
58 5.06897 2.15789
58 5.31034 3.85965
59 5.55932 3.08621
59 4.91525 3.27586
59 5.05085 4.58621
59 4.61017 2.77586
59 4.71186 2.48276
59 5.01695 3.13793
59 4.64407 2.96552
59 5.28814 2.67241
59 4.57627 3.43103
59 4.91525 2.75862
59 4.64407 2.93103
59 4.64407 3.18966
59 4.67797 2.87931
59 4.71186 2.06897
60 4.46667 2.38983
60 4.9 2.98305
60 4.73333 2.45763
60 4.83333 3.74576
60 5.36667 4.01695
60 5.43333 2.98305
60 4.86667 2.88136
60 4.93333 3.42373
60 4.56667 2.72881
60 4.5 1.83051
60 6.1 2.83051
60 6.73333 5.98305
60 4.7 2.38983
60 5.06667 3.20339
61 4.32787 3.21667
61 4.7541 2.9
61 5.63934 4.68333
61 5.34426 3.08333
61 4.98361 3.51667
61 4.7541 2.83333
61 5.34426 5.23333
61 4.52459 2.1
61 5.04918 3.41667
61 5.80328 4.05
61 6.29508 5.68333
61 4.91803 2.45
61 4.91803 3.08333
61 4.72131 2.33333
62 4.83871 2.85246
62 5.09677 3.5082
62 4.70968 2.42623
62 4.64516 2.7377
62 4.80645 3.65574
62 5.19355 3.7541
62 5.25806 2.7377
62 5 3.5082
62 5.16129 3.44262
62 4.77419 2
62 6.19355 4.81967
62 5 3.31148
62 4.41935 2.34426
62 4.45161 2.29508
62 5.25806 3.36066
62 4.45161 1.90164
62 5.77419 3.04918
62 4.83871 2.39344
62 4.80645 4.13115
62 5.29032 2.52459
62 4.51613 2.68852
62 6.29032 4.7541
63 5.07937 3.25806
63 4.98413 3.08065
63 5.33333 3.43548
63 5.36508 3.25806
63 4.85714 2.58065
63 6.4127 4
63 5.49206 3.54839
63 4.66667 2.46774
63 5.04762 3.66129
63 4.57143 1.79032
63 5.20635 3.79032
63 5.30159 2.69355
63 4.7619 2.72581
63 4.79365 2.91935
63 4.98413 2.72581
63 4.88889 3.19355
64 4.75 2.84127
64 4.96875 2.80952
64 4.71875 2.20635
64 5.125 3.03175
64 4.90625 2.30159
64 4.9375 2.36508
64 6.25 5.15873
64 5.1875 2.93651
64 4.78125 3.06349
64 4.875 2.53968
64 5.28125 3.74603
64 4.71875 2.25397
65 5.38462 4.89062
65 5.04615 3.35938
65 5.13846 2.70312
65 4.92308 2.57812
65 5.41538 3.92188
65 4.73846 2.73438
65 5.93846 4.625
65 4.70769 2.67188
65 4.61538 2.54688
65 5.04615 3.95312
65 4.98462 2.26562
65 4.61538 2.95312
66 4.63636 2.73846
66 4.84848 3.16923
66 4.84848 2.92308
66 5.15152 3.38462
66 4.66667 2.41538
66 4.78788 2.29231
66 4.75758 2.89231
66 4.93939 2.33846
66 4.72727 2.15385
66 4.87879 2.8
66 4.90909 2.56923
66 4.84848 2.41538
66 5.0303 2.2
66 4.48485 1.98462
67 4.86567 2.31818
67 5.13433 4.63636
67 5.13433 2.62121
67 4.89552 2.40909
67 13.9701 12.3485
67 5.49254 2.78788
68 5.02941 3.37313
68 5.67647 3.61194
68 4.97059 3.62687
68 4.58824 2.26866
68 5.29412 3.77612
68 4.94118 2.86567
68 4.88235 2.62687
68 5.26471 3.29851
68 4.91176 3.01493
69 4.98551 3.92647
69 5.7971 3.70588
69 5.18841 2.14706
69 5.97101 5.26471
69 4.66667 2.61765
69 5.36232 2.58824
69 4.92754 3.73529
70 5.11429 3
70 4.77143 2.44928
70 4.97143 3.27536
70 4.91429 3.50725
70 4.85714 2.10145
70 5.05714 3.18841
70 4.97143 2.89855
70 4.8 3.01449
70 4.71429 2.33333
70 4.68571 2.37681
70 4.85714 2.66667
70 4.71429 2.42029
70 5.97143 4.98551
70 4.97143 2.95652
70 5 2.18841
71 4.98592 3.3
71 4.76056 2.81429
71 4.98592 2.41429
71 4.78873 2.24286
71 5.1831 2.88571
71 4.8169 2.95714
71 5.23944 4.3
72 4.69444 2.61972
72 4.83333 2.80282
72 5.02778 3.57746
72 4.83333 3.08451
73 6.05479 4.47222
73 4.79452 2
73 8.05479 5.83333
73 4.90411 3.19444
73 4.9589 2.58333
73 4.93151 2.80556
73 4.71233 3.125
73 4.87671 2.33333
73 4.79452 3.13889
74 4.40541 1.82192
74 4.97297 2.87671
74 4.78378 2.53425
74 5.08108 3.45205
74 4.7027 2.32877
74 5.78378 3.93151
74 4.91892 3.05479
74 4.89189 2.54795
75 4.82667 2.56757
75 4.88 3.08108
75 4.98667 2.83784
75 4.96 3.22973
75 5.84 7.83784
75 5.01333 2.78378
75 4.61333 2.48649
75 4.93333 2.97297
75 5.04 2.43243
76 4.81579 3.21333
76 5.10526 2.86667
76 4.86842 2.53333
76 4.86842 3.17333
76 4.94737 2.94667
76 4.97368 3.29333
76 5.15789 3.06667
76 4.97368 2.54667
76 5.02632 3.77333
76 4.89474 3.12
76 5.52632 2.94667
76 5.36842 4.81333
76 6.44737 6.98667
77 5.45455 4.22368
77 5.22078 3.21053
77 4.77922 2.97368
77 4.96104 2.5
77 5.01299 3.65789
78 4.66667 2.93506
78 4.79487 2.33766
79 4.75949 2.91026
79 4.81013 3
79 5.11392 3.75641
79 5.21519 3.98718
80 5 2.67089
80 5.025 3.8481
80 5.2 3.53165
80 4.875 3.58228
80 5.025 2.35443
81 5.33333 4.4125
82 4.68293 2.90123
83 4.81928 3.09756
83 5.22892 2.58537
83 4.91566 3.07317
84 4.7619 2.68675
85 5.08235 4.08333
85 4.82353 2.67857
86 5.53488 5.17647
86 5.13953 2.97647
87 4.96552 2.80233
88 5 2.65517
88 4.90909 2.25287
89 4.78652 2.93182
89 4.98876 2.67045
89 5.8427 4.875
89 4.62921 2.32955
89 4.78652 3.27273
90 4.8 3.08989
90 4.75556 3.2809
90 4.86667 3.07865
90 4.97778 3.38202
91 5.18681 3.03333
91 4.79121 2.64444
91 5.23077 2.82222
91 5.14286 3.12222
92 5.91304 4.8022
93 4.66667 3.73913
93 4.8172 2.52174
94 5.38298 3.23656
94 4.85106 3.46237
95 4.84211 2.71277
96 4.83333 2.57895
96 5.3125 3.95789
96 10.4375 10.8211
97 5.19588 3.32292
97 4.92784 3.35417
97 5.05155 3.42708
99 4.9899 3.36735
99 5.31313 3.65306
100 5.8 5.65657
101 4.81188 2.68
101 5.22772 5.49
101 4.81188 3.17
101 4.9703 2.71
102 5.35294 4.85149
102 5.13725 3.62376
104 5.21154 4.13592
105 4.95238 2.02885
107 5.15888 3.28302
108 5.22222 4.45794
109 5.02752 3.37037
110 5 3.02752
111 5.56757 5.24545
113 5.55752 3.91071
120 5.16667 2.82353
124 4.90323 4.11382
129 5.16279 4.26562
130 7.66154 7.31783
130 5.15385 4.17829
131 5.69466 4.06923
132 5.80303 5.19847
141 11.7021 12.4143
147 6.12245 6.30137
147 4.7619 3.07534
151 5.57616 5.44667
171 5.46199 4.41176
172 8.40698 9.50292
193 5.25389 4.76042
