"vertices" "degree_2nd_moment" "mean_length"
2 1 1
2 1 1
2 1 1
2 1 1
2 1 1
2 1 1
2 1 1
2 1 1
2 1 1
2 1 1
2 1 1
2 1 1
2 1 1
2 1 1
2 1 1
2 1 1
2 1 1
2 1 1
2 1 1
2 1 1
2 1 1
2 1 1
2 1 1
2 1 1
2 1 1
2 1 1
2 1 1
2 1 1
2 1 1
2 1 1
2 1 1
2 1 1
2 1 1
2 1 1
2 1 1
2 1 1
2 1 1
2 1 1
2 1 1
2 1 1
2 1 1
2 1 1
2 1 1
2 1 1
2 1 1
2 1 1
2 1 1
2 1 1
2 1 1
2 1 1
2 1 1
2 1 1
2 1 1
2 1 1
2 1 1
2 1 1
2 1 1
2 1 1
2 1 1
2 1 1
2 1 1
2 1 1
2 1 1
2 1 1
2 1 1
2 1 1
2 1 1
2 1 1
2 1 1
2 1 1
2 1 1
2 1 1
2 1 1
2 1 1
2 1 1
2 1 1
2 1 1
2 1 1
2 1 1
2 1 1
2 1 1
2 1 1
2 1 1
2 1 1
2 1 1
2 1 1
2 1 1
2 1 1
2 1 1
2 1 1
2 1 1
2 1 1
2 1 1
2 1 1
2 1 1
2 1 1
2 1 1
2 1 1
2 1 1
2 1 1
2 1 1
2 1 1
2 1 1
2 1 1
2 1 1
2 1 1
2 1 1
2 1 1
2 1 1
3 2 1
3 2 1
3 2 1
3 2 1
3 2 1
3 2 1
3 2 1
3 2 1
3 2 1
3 2 1
3 2 1
3 2 1.5
3 2 1.5
3 2 1
3 2 1
3 2 1
3 2 1
3 2 1
3 2 1
3 2 1
3 2 1
3 2 1
3 2 1.5
3 2 1
3 2 1.5
3 2 1
3 2 1
3 2 1.5
3 2 1
3 2 1.5
3 2 1.5
3 2 1
3 2 1
3 2 1
3 2 1
3 2 1
3 2 1
3 2 1
3 2 1
3 2 1.5
3 2 1
3 2 1
3 2 1.5
3 2 1
3 2 1
3 2 1.5
3 2 1
3 2 1
3 2 1
3 2 1.5
3 2 1
3 2 1
3 2 1
3 2 1
3 2 1
3 2 1
3 2 1.5
3 2 1
3 2 1.5
3 2 1
3 2 1.5
3 2 1
3 2 1
3 2 1.5
3 2 1
3 2 1.5
3 2 1
3 2 1.5
3 2 1
3 2 1
3 2 1
3 2 1
3 2 1
3 2 1
3 2 1
3 2 1
3 2 1
3 2 1
3 2 1
3 2 1
3 2 1
3 2 1.5
3 2 1.5
3 2 1
3 2 1.5
3 2 1
3 2 1
3 2 1
3 2 1
3 2 1
3 2 1
3 2 1
3 2 1
3 2 1
3 2 1
3 2 1
3 2 1
3 2 1
3 2 1
3 2 1
3 2 1
3 2 1
3 2 1
3 2 1
3 2 1
3 2 1
3 2 1.5
3 2 1.5
3 2 1
3 2 1
3 2 1
3 2 1
3 2 1
3 2 1.5
4 3 1.33333
4 3 1.33333
4 3 1.33333
4 2.5 1
4 3 1.33333
4 3 1.33333
4 2.5 1.33333
4 2.5 1
4 2.5 1
4 3 1.33333
4 3 1.33333
4 3 1.33333
4 2.5 1
4 2.5 1
4 2.5 1
4 2.5 1
4 2.5 1
4 3 1.33333
4 3 1.33333
4 2.5 1
4 3 1.33333
4 3 1.33333
4 3 1.33333
4 3 1.33333
4 2.5 1
4 2.5 1
4 2.5 1
4 3 1.33333
4 2.5 1
4 2.5 1
4 3 1.33333
4 3 1.33333
4 3 1.33333
4 3 1.33333
4 3 2
4 2.5 1.33333
4 3 1.33333
4 2.5 1
4 2.5 1
4 3 1.33333
4 3 1.33333
4 2.5 1
4 2.5 1
4 3 1.33333
4 2.5 1
4 2.5 1
4 3 1.33333
4 2.5 1
4 3 1.33333
4 3 1.33333
4 2.5 1.33333
4 3 1.33333
4 2.5 1.33333
4 2.5 1
4 2.5 1
4 3 1.33333
4 3 1.33333
4 3 1.33333
4 3 2
4 2.5 1
4 3 1.33333
4 2.5 1.33333
4 2.5 1
4 2.5 1
4 3 1.33333
4 3 1.33333
4 2.5 1.33333
4 2.5 1.33333
4 2.5 1
4 3 1.33333
4 2.5 1.33333
4 2.5 1
4 2.5 1
4 3 1.33333
4 2.5 1.33333
4 2.5 1.33333
4 2.5 1
4 3 1.33333
4 2.5 1
4 2.5 1
4 3 1.33333
4 3 1.33333
4 2.5 1
4 2.5 1
4 3 1.33333
4 2.5 1
4 3 1.33333
4 2.5 1
4 3 1.33333
4 3 1.33333
4 2.5 1.33333
4 2.5 1.33333
4 2.5 1
4 3 1.33333
4 3 1.33333
4 3 1.33333
4 2.5 1
4 3 1.33333
4 3 1.33333
4 3 1.33333
4 3 1.33333
4 2.5 1
4 2.5 1.33333
4 2.5 1
4 3 1.33333
4 3 1.33333
4 3 1.33333
4 3 1.33333
4 2.5 1
4 2.5 1.33333
4 3 1.33333
4 3 1.33333
4 2.5 1.33333
4 2.5 1
4 3 1.33333
4 3 2
4 2.5 1
4 3 1.33333
4 2.5 1
4 2.5 1
4 3 1.33333
4 2.5 1
4 2.5 1.33333
4 2.5 1
4 2.5 1
4 3 1.33333
4 3 2
4 3 1.33333
4 3 1.33333
4 3 1.33333
4 2.5 1
4 3 1.33333
4 3 1.33333
4 3 1.33333
4 3 1.33333
4 2.5 1
4 2.5 1.33333
4 2.5 1
4 3 1.33333
4 3 1.33333
4 2.5 1
4 2.5 1
4 2.5 1
5 2.8 1
5 2.8 1
5 3.2 1.25
5 3.2 1.25
5 3.2 1.25
5 3.2 1.25
5 3.2 1.5
5 3.2 1.5
5 3.2 1.25
5 3.2 1.5
5 3.2 1.25
5 4 1.75
5 4 1.75
5 4 1.75
5 3.2 1.5
5 4 1.75
5 3.2 1.5
5 3.2 1.25
5 4 1.75
5 2.8 1
5 2.8 1
5 3.2 1.5
5 3.2 1.25
5 3.2 1.5
5 3.2 1.25
5 4 1.75
5 3.2 1.25
5 4 1.75
5 2.8 1.5
5 3.2 1.5
5 3.2 1.5
5 3.2 1.5
5 3.2 1.5
5 2.8 1
5 3.2 1.5
5 4 1.75
5 3.2 1.25
5 2.8 1
5 3.2 1.5
5 2.8 1.25
5 3.2 2
5 3.2 1.5
5 2.8 1
5 3.2 1.5
5 3.2 1.5
5 2.8 1.25
5 2.8 1
5 3.2 1.5
5 3.2 1.5
5 2.8 1
5 3.2 1.5
5 3.2 1.5
5 3.2 1.5
5 3.2 1.25
5 2.8 1
5 3.2 1.5
5 3.2 1.25
5 4 1.75
5 3.2 1.5
5 3.2 1.25
5 3.2 1.25
5 2.8 1
5 3.2 1.5
5 2.8 1
5 3.2 1.25
5 3.2 1.5
5 3.2 1.25
5 2.8 1.75
5 4 1.75
5 4 1.75
5 4 1.75
5 3.2 1.5
5 4 1.75
5 3.2 1.25
5 2.8 1
5 3.2 1.25
5 4 1.75
5 3.2 1.25
5 3.2 1.25
5 2.8 1
5 3.2 1.25
5 2.8 1
5 3.2 1.25
5 3.2 1.5
5 3.2 1.5
5 4 1.75
5 2.8 1
5 3.2 1.25
5 3.2 1.25
5 3.2 1.25
5 2.8 1
5 2.8 1
5 3.2 1.5
5 2.8 1
5 3.2 1.5
5 2.8 1
5 2.8 1
5 4 1.75
5 4 1.75
5 3.2 1.25
5 3.2 1.5
5 4 1.75
5 4 1.75
5 2.8 1.25
5 3.2 1.25
5 3.2 2
5 2.8 1
5 3.2 1.25
5 4 1.75
5 3.2 1.75
5 3.2 1.75
5 3.2 2
5 3.2 1.25
5 2.8 1
5 4 1.75
5 3.2 1.5
5 2.8 1
5 2.8 1.25
5 4 1.75
5 3.2 1.25
5 4 1.75
5 4 1.75
5 3.2 1.25
5 3.2 1.25
5 3.2 1.25
5 3.2 1.5
5 3.2 1.25
5 4 1.75
5 3.2 1.5
5 3.2 1.25
5 3.2 1.5
5 3.2 1.25
5 4 1.75
5 3.2 1.25
5 4 1.75
5 4 1.75
5 4 1.75
5 3.2 1.5
5 3.2 1.5
5 3.2 1.25
5 3.2 1.25
5 4 1.75
5 3.2 1.25
5 3.2 1.25
5 3.2 1.25
5 3.2 1.25
5 4 1.75
5 3.2 1.25
5 3.2 1.5
5 3.2 1.25
5 3.2 2.25
5 2.8 1
5 3.2 1.5
5 3.2 1.25
5 3.2 1.25
5 3.2 1.25
5 4 1.75
5 2.8 1
5 4 1.75
6 4 1.6
6 3.66667 1.8
6 4 1.6
6 3.33333 1.2
6 4 1.6
6 3.33333 1.4
6 4 1.6
6 3.33333 1.4
6 3.33333 1.2
6 3.66667 1.4
6 3.33333 1.2
6 4 2
6 3.66667 1.8
6 3.33333 1.2
6 3.33333 1.2
6 3.33333 1.2
6 3 1
6 3.33333 1.4
6 5 2.2
6 3.33333 1.2
6 3.33333 1.4
6 3.33333 1.6
6 3.33333 1.4
6 4 1.6
6 3 1
6 3.33333 1.6
6 4 1.6
6 3.33333 1.4
6 3.33333 1.4
6 4 2
6 3.33333 1.4
6 4 1.6
6 3.33333 1.6
6 3.33333 1.6
6 3.66667 1.4
6 4 1.6
6 3.33333 1.2
6 3.33333 1.4
6 4 1.6
6 4 1.6
6 3.33333 1.2
6 3.66667 1.8
6 3.33333 1.4
6 3.66667 1.4
6 4 1.6
6 3.33333 1.4
6 4 2
6 3.66667 1.4
6 3.66667 1.4
6 3.33333 1.2
6 3.33333 1.4
6 3.33333 1.2
6 3.33333 1.4
6 3 1
6 3.33333 1.4
6 3.66667 1.4
6 3.33333 1.2
6 3.33333 1.6
6 3.33333 1.6
6 3.33333 1.4
6 3.33333 1.6
6 3.66667 1.4
6 3.33333 1.2
6 5 2.2
6 3.33333 1.4
6 3.33333 1.4
6 3.66667 1.4
6 4 2
6 3.33333 1.4
6 3 1.2
6 4 1.6
6 4 1.6
6 4 1.6
6 3.33333 1.4
6 3.33333 1.2
6 3.33333 1.4
6 3.33333 1.2
6 3.33333 1.2
6 3.33333 1.2
6 3.33333 1.2
6 3.66667 1.4
6 4 1.6
6 3.33333 1.4
6 4 2
6 4 2
6 3.33333 1.2
6 4 1.6
6 4 1.6
6 3.33333 1.4
6 3.33333 1.4
6 3.66667 1.4
6 3.33333 1.6
6 4 2
6 4 1.6
6 3.66667 1.8
6 4 1.6
6 3 1
6 3.33333 1.2
6 4 1.8
6 4 1.6
6 3 1
6 3.33333 1.6
6 3 1
6 4 1.6
6 3.33333 1.2
6 3.33333 1.2
6 3.33333 1.2
6 4 1.8
6 3.66667 1.4
6 3.66667 1.4
6 3.33333 1.2
6 3.33333 1.6
6 3 1
6 3.33333 1.2
6 5 2.2
6 3.33333 1.2
6 4 1.8
6 3.33333 1.6
6 3 1
6 3.66667 1.8
6 3.33333 1.2
6 4 1.6
6 3.33333 1.4
6 4 1.8
6 3.66667 1.4
6 3.33333 1.2
6 3.33333 1.2
6 3.33333 1.2
6 3 1.2
6 3.33333 1.2
6 5 2.2
6 3.33333 1.6
6 3.33333 1.4
6 3.33333 1.2
6 3.66667 1.4
6 3 1.4
6 4 1.6
6 5 2.2
6 3.33333 1.4
6 4 2
6 4 1.6
6 3.66667 1.8
6 3.33333 1.2
6 3.33333 1.2
6 4 1.8
6 3.33333 1.2
6 5 2.2
6 3.66667 1.4
6 4 1.6
6 3.33333 1.2
6 3.33333 1.6
6 3.66667 1.4
6 3.33333 1.6
6 3.66667 1.8
6 3.33333 1.2
6 3.33333 1.4
6 4 1.6
6 4 1.6
6 4 1.6
6 4 1.6
6 3.33333 1.4
6 4 1.8
6 5 2.2
6 4 1.6
6 3.33333 1.6
6 4 2
6 4 1.6
6 3.33333 1.2
6 4 1.6
6 3.33333 1.2
6 3.33333 1.2
6 3.33333 1.4
6 3.33333 1.4
6 3.66667 1.4
6 4 2
6 3 1
6 3.33333 1.6
6 4 1.8
6 3.33333 1.6
6 3.33333 1.4
6 3.33333 1.2
6 3.33333 1.4
6 3.33333 1.2
6 3.33333 1.6
6 3.33333 1.4
6 3.33333 1.2
7 4 1.83333
7 3.71429 1.5
7 3.71429 1.33333
7 4 1.5
7 3.71429 1.83333
7 3.42857 1.16667
7 3.71429 1.5
7 4.28571 2.16667
7 4 2.16667
7 3.42857 1.16667
7 4 1.83333
7 4 1.5
7 3.42857 1.5
7 4.85714 2
7 3.71429 1.5
7 4.85714 2.33333
7 3.71429 1.66667
7 4 1.5
7 3.42857 1.16667
7 4 1.66667
7 4 1.5
7 3.42857 1.66667
7 4.85714 2
7 4 1.83333
7 4.85714 2
7 3.42857 1.16667
7 3.71429 1.83333
7 3.71429 1.66667
7 4 1.5
7 3.42857 1.33333
7 4.85714 2
7 3.71429 1.33333
7 3.42857 1.16667
7 4.28571 2.16667
7 3.42857 1.33333
7 3.14286 1
7 4 1.5
7 4 1.5
7 4 1.5
7 3.42857 1.33333
7 4.85714 2
7 4.28571 1.66667
7 3.71429 2
7 3.71429 1.66667
7 4 1.83333
7 3.71429 1.66667
7 4.28571 1.66667
7 3.42857 1.66667
7 4.85714 2.16667
7 4.85714 2.16667
7 4.85714 2
7 6 2.66667
7 3.42857 1.16667
7 3.71429 1.33333
7 3.42857 1.5
7 4.28571 2
7 3.42857 1.16667
7 4 1.5
7 3.42857 1.5
7 3.42857 1.5
7 3.14286 1.33333
7 4 1.5
7 4 1.66667
7 4.85714 2
7 3.71429 1.5
7 3.42857 1.16667
7 4 2
7 4 1.66667
7 4 1.83333
7 4.28571 1.66667
7 3.71429 1.5
7 3.42857 1.16667
7 3.71429 1.5
7 3.42857 1.33333
7 4 1.5
7 4 1.83333
7 4.28571 2
7 3.42857 1.16667
7 3.42857 1.16667
7 3.42857 1.5
7 3.42857 1.16667
7 4 2.16667
7 3.71429 1.66667
7 3.42857 1.5
7 3.42857 1.33333
7 3.71429 1.33333
7 4 1.83333
7 3.71429 1.33333
7 3.42857 1.16667
7 3.71429 1.83333
7 3.42857 1.16667
7 3.42857 1.66667
7 3.71429 1.83333
7 3.71429 1.5
7 4.85714 2.5
7 3.71429 1.83333
7 3.71429 1.5
7 4 1.66667
7 4 1.66667
7 3.71429 1.5
7 3.42857 1.33333
7 3.71429 1.33333
7 3.42857 1.5
7 4 1.5
7 3.71429 1.83333
7 3.71429 1.5
7 4.28571 1.66667
7 4.28571 1.66667
7 4 1.66667
7 4.28571 2.33333
7 3.71429 2
7 4.28571 1.66667
7 3.71429 1.83333
7 3.71429 1.33333
7 3.71429 1.33333
7 3.71429 1.66667
7 3.42857 1.66667
7 4 2.16667
7 4.28571 2.33333
7 3.14286 1.5
7 3.42857 1.5
7 4 1.83333
7 4.85714 2
7 4 1.66667
7 4.28571 1.66667
7 3.42857 1.33333
7 4 1.83333
7 4 2
7 4 1.83333
7 4.85714 2
7 4.85714 2.5
7 4 1.5
7 4 1.83333
7 3.42857 1.33333
7 4 1.83333
7 4 2
7 4 1.66667
7 4.28571 1.66667
7 4 1.66667
7 3.42857 1.66667
7 4 2
7 4.28571 1.66667
7 3.42857 1.33333
7 3.71429 1.66667
7 4 1.66667
7 3.71429 1.66667
7 3.71429 1.5
7 4 1.83333
7 3.42857 1.16667
7 3.71429 1.5
7 3.42857 1.16667
7 4.85714 2
7 3.71429 1.5
7 3.71429 1.33333
7 3.42857 1.33333
7 3.71429 1.5
7 4 1.83333
7 4 1.83333
7 3.71429 1.5
7 4 1.5
7 4.28571 2.33333
7 3.71429 1.33333
7 3.42857 1.33333
7 4.28571 2
7 3.71429 1.83333
7 4 1.5
7 4 2.16667
7 4 1.5
7 4 1.5
7 3.42857 1.33333
7 4.28571 1.66667
7 3.42857 1.33333
7 4.85714 2
7 3.71429 1.5
7 3.71429 1.5
7 3.71429 1.33333
7 3.42857 1.16667
7 4 1.5
7 4 1.5
7 4.28571 1.66667
7 3.71429 1.66667
7 4.28571 2
7 4.28571 1.66667
7 4 1.5
7 4 2
7 3.71429 1.83333
7 4 1.83333
7 4 1.83333
7 4.28571 2
7 3.71429 1.33333
7 3.71429 1.33333
7 3.14286 1.33333
7 4.85714 2
7 4 1.5
7 3.71429 1.33333
7 3.42857 1.33333
7 3.71429 1.33333
7 4.28571 1.66667
7 4.85714 2.5
7 3.42857 1.66667
7 3.71429 1.33333
7 4.85714 2.5
7 3.71429 1.33333
7 4 1.66667
7 3.71429 1.5
7 3.71429 1.33333
7 4.85714 2.5
7 3.14286 1
7 4.85714 2
7 3.42857 1.16667
7 4 1.5
7 3.71429 2
7 4 1.5
7 4 2
7 4.28571 1.66667
7 3.42857 1.16667
7 3.71429 2.33333
8 3.75 1.42857
8 4 2
8 4 1.71429
8 3.5 1.14286
8 4 1.71429
8 4.25 1.85714
8 4.25 2.28571
8 3.5 1.14286
8 4.25 2.28571
8 4 1.42857
8 3.75 1.28571
8 3.75 1.42857
8 3.75 1.57143
8 4.75 2.14286
8 3.5 1.14286
8 3.5 1.57143
8 3.75 1.85714
8 3.75 1.57143
8 3.75 1.42857
8 4.25 2.14286
8 5 2
8 4 1.71429
8 3.5 1.14286
8 3.75 1.42857
8 4.25 2.42857
8 4 1.42857
8 4 1.42857
8 4.25 2.14286
8 4 1.71429
8 3.75 1.42857
8 3.75 1.28571
8 4.75 2
8 3.5 1.14286
8 3.5 1.14286
8 3.75 1.71429
8 4.25 2.14286
8 4 2.28571
8 4.25 1.57143
8 4.75 1.85714
8 4 1.85714
8 3.75 1.28571
8 4.25 1.71429
8 3.75 1.28571
8 4.25 1.71429
8 4.25 1.57143
8 4.25 2.28571
8 3.5 1.42857
8 3.75 1.42857
8 4 1.57143
8 3.75 1.57143
8 4.75 2
8 4.25 1.57143
8 4.25 1.71429
8 4 2
8 4.25 1.85714
8 4 2.28571
8 3.75 1.42857
8 5 2
8 3.75 1.28571
8 3.75 1.57143
8 4 1.71429
8 4.25 1.85714
8 3.5 1.57143
8 4.25 1.71429
8 4 1.42857
8 4.25 1.57143
8 4 2.14286
8 4.25 1.57143
8 3.5 1.14286
8 4 2
8 4.75 2.71429
8 3.5 1.42857
8 3.5 1.28571
8 4 1.85714
8 4 1.42857
8 4 1.71429
8 4 1.85714
8 4.25 1.57143
8 4.25 1.57143
8 3.75 1.42857
8 4.75 2
8 4 1.71429
8 4.25 1.57143
8 4 1.42857
8 3.5 1.42857
8 3.75 2.14286
8 4 1.42857
8 4.75 2.42857
8 3.5 1.57143
8 4.25 1.57143
8 3.75 1.57143
8 3.75 1.28571
8 4.25 2.42857
8 4 2.28571
8 3.5 1.57143
8 3.75 1.28571
8 4 2
8 4.25 2.57143
8 3.5 1.71429
8 4.25 1.85714
8 4.25 1.71429
8 4 1.71429
8 4.25 1.57143
8 5 2
8 4 1.57143
8 3.75 1.57143
8 4 2
8 4 1.71429
8 4 2
8 3.75 1.42857
8 4.25 1.71429
8 4.25 1.57143
8 4.25 1.57143
8 4.25 1.57143
8 3.75 2
8 4.75 2.42857
8 4.75 2
8 4.25 1.57143
8 4.25 1.57143
8 4.25 2.14286
8 4.25 1.57143
8 3.75 1.57143
8 4.25 2.28571
8 4.25 1.57143
8 5.75 2.57143
8 4.25 1.71429
8 4.25 2.14286
8 3.75 1.57143
8 4.25 2.28571
8 7 3.14286
8 3.5 1.57143
8 4.25 1.57143
8 4.75 1.85714
8 3.75 1.42857
8 3.75 1.42857
8 4.75 2.42857
8 4.75 2
8 3.75 1.71429
8 4.25 2
8 4.25 1.85714
8 3.75 1.57143
8 4.25 1.71429
8 4.25 2.57143
8 3.75 1.42857
8 4.25 1.57143
8 4.25 1.85714
8 4.75 1.85714
8 3.5 1.42857
8 3.5 1.42857
8 3.75 1.57143
8 4 1.71429
8 4 2.14286
8 4.25 1.57143
8 4 1.57143
8 4 1.71429
8 4.75 2.71429
8 3.5 1.42857
8 3.75 1.57143
8 3.75 1.42857
8 4 1.57143
8 3.75 1.57143
8 3.75 1.28571
8 4.25 1.57143
8 4 2
8 3.75 1.28571
8 3.5 1.14286
8 3.5 1.14286
8 3.75 1.42857
8 3.5 1.42857
8 4 1.71429
8 3.75 1.28571
8 3.5 1.42857
8 3.75 1.28571
8 3.75 1.71429
8 3.75 1.85714
8 4.75 1.85714
8 4.25 1.85714
8 4 1.57143
8 3.75 1.28571
8 3.75 1.28571
8 7 3.14286
8 3.5 1.28571
8 4.75 1.85714
8 3.75 1.71429
8 4 1.42857
8 4 1.42857
8 4 1.42857
8 4.25 1.85714
8 3.5 1.42857
8 4.25 2.42857
8 4 1.71429
8 4.25 1.57143
8 3.75 1.28571
8 4 1.57143
8 4.25 2.14286
8 3.75 1.28571
8 4 1.57143
8 3.75 1.42857
8 3.75 2
8 3.75 1.28571
8 4 1.71429
9 4 2.375
9 5.55556 2.375
9 4 1.375
9 4 1.75
9 3.55556 1.375
9 5.33333 2.125
9 4.22222 1.5
9 4.44444 2.625
9 4.22222 1.625
9 4.66667 2.125
9 3.77778 1.375
9 4.22222 2.125
9 4 1.5
9 4.66667 1.75
9 4 1.75
9 4.22222 1.75
9 4 1.5
9 4.66667 1.75
9 4.66667 1.875
9 4.22222 1.75
9 4.88889 2
9 4.22222 2.25
9 4.44444 2.125
9 4.66667 2.125
9 5.55556 2.25
9 4.88889 1.875
9 4.22222 2.375
9 5.77778 3
9 4.22222 1.75
9 4.66667 1.75
9 3.77778 1.375
9 4.22222 1.5
9 3.77778 1.25
9 4.66667 2.375
9 4.88889 1.875
9 3.55556 1.125
9 4.22222 2
9 4.66667 2
9 4.66667 2.25
9 4.66667 2
9 4 2.125
9 3.77778 1.25
9 4.22222 2.375
9 4 1.375
9 4.88889 2.375
9 4.66667 2.5
9 3.77778 1.75
9 4 1.75
9 3.77778 1.375
9 4 2.125
9 3.77778 2
9 4.66667 1.875
9 3.77778 1.625
9 4.22222 1.75
9 4 1.625
9 4.22222 1.625
9 4 1.375
9 3.77778 1.625
9 4.22222 2.25
9 4.22222 1.625
9 4.88889 2
9 4.88889 1.875
9 3.77778 1.625
9 4.44444 1.875
9 4.22222 2
9 4.22222 2.375
9 4.22222 1.625
9 4.66667 2
9 3.77778 1.5
9 4.22222 1.625
9 3.77778 1.25
9 3.55556 1.375
9 4.22222 1.5
9 4.66667 2
9 4 2.125
9 4.88889 3
9 4 1.375
9 3.77778 1.375
9 4 1.625
9 4.22222 1.75
9 4.88889 2.125
9 4.22222 2
9 4.66667 2
9 4.88889 1.875
9 4.22222 1.75
9 4.66667 1.75
9 4.66667 2.625
9 3.77778 1.25
9 4 1.75
9 4.88889 2
9 4.66667 2.25
9 4.22222 2.125
9 4 2.375
9 4.22222 2
9 4.44444 1.625
9 4.44444 1.625
9 4.88889 2
9 3.77778 1.375
9 4.22222 2.375
9 4.22222 1.75
9 4 1.875
9 4.22222 1.75
9 4.66667 2.375
9 4 1.875
9 3.77778 1.625
9 4.88889 2.625
9 3.77778 1.375
9 4.22222 2.125
9 4.88889 1.875
9 4 1.375
9 4.44444 1.625
9 4.44444 1.625
9 4.22222 2
9 4 1.375
9 4 1.75
9 4.88889 1.875
9 4.22222 2.25
9 4.66667 1.75
9 5.55556 2.75
9 4.22222 1.5
9 4 1.75
9 3.77778 1.25
9 4 1.375
9 4 1.625
9 3.77778 1.375
9 4.66667 2.25
9 4.88889 2.375
9 4 1.375
9 4 1.625
9 4 2.5
9 4 1.375
9 3.77778 1.375
9 4.88889 2.375
9 4.22222 1.75
9 4 1.75
9 4.22222 1.625
9 4.22222 2.625
9 3.77778 1.5
9 4.22222 2
9 3.77778 1.5
9 3.77778 1.25
9 4 1.875
9 5.77778 2.625
9 3.77778 1.875
9 4.88889 2.625
9 4.22222 1.75
9 4.88889 2.625
9 4 1.625
9 4.44444 2.75
9 4.66667 2.25
9 3.77778 1.5
9 4.88889 3
9 4.44444 1.625
9 5.33333 2.5
9 3.55556 1.25
9 4.66667 2
9 5.33333 2.125
9 4.22222 2.125
9 4.66667 1.75
9 4.22222 1.75
9 4.22222 2
9 4 1.625
9 4.66667 1.75
9 3.77778 1.5
9 4.44444 2.125
9 3.77778 1.375
9 5.33333 2.125
9 3.77778 1.5
9 4.22222 2
9 4.44444 2.375
9 4.22222 1.5
9 4.88889 1.875
9 4 2.5
9 4.22222 1.5
9 3.77778 1.375
9 4.66667 2
9 4.22222 1.75
9 3.77778 1.75
9 4.22222 2.25
9 4.66667 2.875
9 4.22222 2.375
9 3.77778 1.375
9 4.66667 1.75
9 3.77778 1.375
9 5.33333 2.125
9 4.66667 2
9 4.22222 2.125
9 4 1.5
9 4 1.625
9 4.88889 1.875
9 4.22222 1.625
9 4 1.75
9 3.77778 1.875
9 4 2
9 3.55556 1.25
9 4.22222 1.75
9 4.66667 2.75
9 4.22222 1.625
9 3.77778 1.25
9 4.88889 2
9 4.66667 2.25
9 4.22222 1.5
9 3.77778 1.375
9 4.66667 1.75
9 4 1.375
9 4.22222 2.25
10 4.2 1.77778
10 4.2 1.55556
10 4.6 1.88889
10 4.2 1.55556
10 4.8 1.77778
10 4.2 2.22222
10 4 1.55556
10 4.2 1.66667
10 4 1.66667
10 6.4 2.77778
10 4.6 2.11111
10 4.6 2
10 5.2 3
10 4.4 2
10 4 1.88889
10 4.8 2.11111
10 5.4 2.66667
10 4.8 2
10 4.8 1.77778
10 4.2 2.55556
10 4.2 1.66667
10 4.2 1.66667
10 4.2 1.44444
10 4.2 1.44444
10 4 1.77778
10 4.8 1.88889
10 4.2 1.44444
10 4.8 1.77778
10 4.6 1.77778
10 4.2 2
10 4.2 1.66667
10 4 1.33333
10 4.2 1.88889
10 4.6 2.88889
10 4 1.44444
10 4.8 2.55556
10 4.4 1.55556
10 4.6 2
10 3.8 1.55556
10 4.8 2.11111
10 3.8 1.66667
10 4.2 1.77778
10 4.4 1.66667
10 3.8 1.22222
10 4 2
10 4.2 2.44444
10 4.2 1.44444
10 4.8 1.88889
10 5 2.11111
10 3.8 1.33333
10 4.4 1.55556
10 4.2 2.11111
10 3.8 1.22222
10 4.6 1.66667
10 4.2 2.66667
10 4.2 2.66667
10 5.2 2
10 5.2 2
10 5.2 3
10 4.2 1.88889
10 4.6 2.77778
10 4.2 1.77778
10 5.4 2.77778
10 4.2 1.77778
10 4.6 2.11111
10 4.6 2.77778
10 3.8 1.33333
10 4.2 1.66667
10 4.6 2
10 5.6 3.22222
10 4 1.66667
10 4.8 1.77778
10 4.4 2.11111
10 4.2 2.22222
10 5.2 2
10 4 1.55556
10 4.8 1.77778
10 4.2 2.11111
10 4.8 1.77778
10 4.2 2.33333
10 4.6 2.55556
10 4.4 2.11111
10 4 1.44444
10 3.8 2.11111
10 4.4 1.55556
10 4.2 2.22222
10 4.4 3.11111
10 4.4 2.66667
10 4.8 2.55556
10 4.4 1.66667
10 4.8 1.77778
10 4.8 2.55556
10 4.8 1.88889
10 3.8 1.66667
10 4 2
10 4.2 1.77778
10 5.2 2.33333
10 4.4 2
10 4.2 2.22222
10 4.8 2
10 3.8 1.22222
10 4 1.33333
10 4 1.33333
10 4.2 1.77778
10 4.2 1.66667
10 4.8 1.88889
10 4.2 2.11111
10 4.6 2
10 4 1.55556
10 4.2 2.33333
10 4.8 2.22222
10 4 1.66667
10 4.2 2.55556
10 4 2.22222
10 4.2 1.66667
10 4.8 2.22222
10 4.2 1.66667
10 4.8 2
10 4.6 2.44444
10 4.2 2
10 4 1.77778
10 4 1.55556
10 4.8 2.44444
10 4.2 1.66667
10 4.8 1.77778
10 4.2 1.66667
10 4 2.22222
10 4 1.66667
10 4.8 2.22222
10 4.8 2.44444
10 4.8 2.77778
10 4.2 1.77778
10 4.4 2
10 4.8 1.77778
10 3.6 1.33333
10 4.2 2.44444
10 4 1.44444
10 4.8 2.44444
10 4.4 2
10 4 1.77778
10 3.8 1.22222
10 4.2 1.77778
10 4.2 1.55556
10 5.4 2.66667
10 4.2 2
10 4.2 1.88889
10 5.6 2.22222
10 4.8 1.88889
10 4.8 1.88889
10 5 2.11111
10 4.6 1.77778
10 4.8 2.11111
10 5.2 2.11111
10 4.6 2.55556
10 4.6 1.88889
10 3.8 1.66667
10 4.2 2.11111
10 3.8 1.33333
10 4 1.44444
10 4.2 1.66667
10 4.8 2.22222
10 3.8 1.66667
10 4.6 1.66667
10 3.8 1.44444
10 4 1.55556
10 4.2 2
10 4.4 1.66667
10 4.2 1.55556
10 5.4 2.22222
10 5 2.11111
10 4 1.44444
10 4.8 2
10 4.2 1.44444
10 4.8 1.77778
10 4.4 2.22222
10 5.2 2.11111
10 5.2 2
10 4.2 1.55556
10 4.8 1.88889
10 4 1.55556
10 4.8 1.77778
10 4 1.66667
10 4.4 2.22222
10 5.2 3.11111
10 4 1.88889
10 4 2.22222
10 4.6 2.11111
10 3.8 1.44444
10 3.8 1.55556
10 5.4 2.66667
10 3.6 1.88889
10 4.6 1.88889
11 4.72727 1.8
11 4.72727 1.7
11 4 1.5
11 4 1.8
11 4.18182 1.7
11 4 2.2
11 4.18182 1.9
11 3.81818 1.9
11 4.18182 2
11 4.36364 1.9
11 4.90909 2.3
11 6.36364 3.6
11 7.45455 3.8
11 6.36364 3.3
11 4.18182 1.6
11 4.36364 2.5
11 4.72727 2
11 5.45455 2.5
11 4.18182 1.6
11 4.54545 3.1
11 4.18182 2.1
11 5.09091 2.1
11 4.72727 2.3
11 4.90909 2
11 4.72727 2
11 4.72727 2.4
11 4.90909 3.2
11 4.90909 2.4
11 4.36364 1.6
11 4.18182 2.5
11 4.36364 1.9
11 4.90909 2
11 4.36364 1.7
11 4.54545 1.6
11 4.36364 2.3
11 4.54545 2.5
11 4.36364 2.1
11 4.72727 2.3
11 4.54545 1.9
11 4.54545 1.9
11 4.54545 2.2
11 6.36364 3.4
11 4.36364 1.9
11 4.54545 1.6
11 4.72727 3.3
11 4.18182 2
11 4.36364 1.6
11 4.18182 1.6
11 4.72727 2.4
11 4.72727 2.4
11 4.72727 2
11 5.27273 2.5
11 5.09091 2.1
11 5.09091 2.1
11 4.18182 1.9
11 5.09091 2
11 4.18182 2.2
11 4 1.4
11 3.81818 1.3
11 4.36364 1.5
11 5.45455 2.2
11 4.54545 1.9
11 4.18182 1.8
11 5.27273 2
11 4 1.5
11 4.72727 2.2
11 5.45455 2.3
11 4.90909 2.4
11 4.54545 1.6
11 4.18182 2.4
11 5.63636 2.2
11 5.09091 3.8
11 4.72727 2.4
11 4 1.5
11 4.54545 1.9
11 4.72727 2.1
11 5.27273 2.5
11 4.36364 2.7
11 4.36364 1.6
11 4.54545 2.2
11 5.09091 2.4
11 4.72727 3
11 4.18182 1.8
11 4.90909 3.1
11 4.72727 2.8
11 5.45455 2.6
11 4 1.7
11 4.36364 1.5
11 4.54545 2.9
11 4.36364 1.8
11 3.81818 1.6
11 4.18182 2.8
11 4.72727 2.2
11 4.36364 1.7
11 4.72727 2.1
11 4.18182 1.6
11 4.18182 2.1
11 4 2.3
11 4.36364 1.7
11 4.72727 2.4
11 4 1.4
11 4.36364 1.9
11 4.18182 2.4
11 4.36364 1.8
11 5.45455 2.1
11 4.18182 1.8
11 4.72727 2
11 5.09091 2.1
11 4 1.6
11 4.54545 2.3
11 3.81818 1.6
11 4.90909 2.1
11 4 1.5
11 4 1.5
11 4.36364 1.9
11 4.54545 2.2
11 3.81818 2.1
11 4.72727 2
11 4.36364 2.2
11 4.72727 1.9
11 4 1.4
11 4.18182 2.4
11 4 1.3
11 4 2.1
11 4.36364 1.6
11 4.54545 1.6
11 4.36364 2.1
11 4.18182 1.7
11 4.90909 1.8
11 4.72727 1.7
11 4.18182 1.8
11 4.18182 1.5
11 4.18182 1.4
11 4.18182 1.4
11 4.90909 1.8
11 4.54545 1.8
11 5.09091 2.1
11 4.36364 2.1
11 3.81818 2.1
11 4.36364 2.9
11 4.18182 2.1
11 4.54545 2.6
11 4.18182 1.7
11 4.36364 1.9
11 4.72727 1.8
11 4.36364 2.2
11 4 1.8
11 4.18182 2.6
11 4.54545 2
11 4.36364 2.1
11 4 1.6
11 6.36364 3.3
11 4.36364 2.1
11 5.09091 2.3
11 4.36364 2.1
11 5.09091 2.2
11 5.09091 2
11 5.09091 2.2
11 4.36364 1.8
11 3.81818 1.8
11 4.36364 2.1
11 4 1.6
11 4.54545 1.9
11 4.36364 1.7
11 4.36364 1.6
11 5.09091 2.2
11 4.36364 1.6
11 4.18182 2
11 4.54545 1.8
11 4 1.7
11 4.54545 2
11 4.72727 1.8
11 4.72727 1.8
11 4 1.8
11 4.36364 2.4
11 4.36364 2
11 4.36364 2
11 4.18182 1.9
11 4.54545 2.5
11 4 1.6
11 5.81818 2.3
11 5.09091 2.5
11 4.72727 2
11 5.27273 2
11 5.09091 2.3
11 4.36364 1.7
11 4.36364 1.8
11 4 2.5
11 4.18182 1.6
11 4.18182 1.6
11 4.36364 1.9
11 3.81818 1.3
11 4.36364 1.5
11 4.18182 1.4
11 4.72727 2.1
11 4.36364 2
11 4.54545 2.5
11 4 1.6
11 4.36364 1.9
12 4.33333 2
12 4 1.54545
12 4.16667 1.63636
12 5 2.36364
12 5 2.09091
12 4.66667 1.81818
12 5.66667 2.27273
12 4.66667 1.90909
12 4.5 2.90909
12 4.16667 1.81818
12 4.5 1.90909
12 4.83333 2
12 4.33333 2.27273
12 4.66667 1.90909
12 5 1.81818
12 4.33333 2.27273
12 4.66667 2.18182
12 4.33333 2
12 4.16667 1.72727
12 4 1.27273
12 4.83333 1.72727
12 3.83333 1.45455
12 4.83333 1.81818
12 5 2.63636
12 5.5 2.09091
12 5.16667 2.09091
12 4.33333 1.90909
12 5.33333 2.90909
12 4.16667 1.72727
12 4.33333 1.90909
12 4.5 2.36364
12 4.66667 2.45455
12 4.66667 1.90909
12 4.16667 2.27273
12 3.83333 1.18182
12 4.66667 3.09091
12 4.66667 2.54545
12 5.5 2.09091
12 4 1.45455
12 5 2.09091
12 4.66667 2.36364
12 4.33333 1.90909
12 4.66667 2
12 4.33333 1.45455
12 5 2.18182
12 4.16667 1.81818
12 4.5 1.72727
12 5 2.09091
12 5.5 2.45455
12 4.5 1.90909
12 4.5 1.90909
12 4.33333 2.54545
12 4.5 1.81818
12 4.33333 1.63636
12 4.66667 2.18182
12 4.33333 1.63636
12 6 2.36364
12 4.16667 1.72727
12 4.16667 2.09091
12 4.16667 1.63636
12 5 1.90909
12 4.33333 1.90909
12 4.5 2.72727
12 4.16667 1.72727
12 4.33333 2
12 5 2
12 4.66667 1.90909
12 3.83333 1.81818
12 4.33333 1.54545
12 4.66667 3.09091
12 4.5 1.72727
12 4 2.09091
12 4.33333 2.54545
12 4.83333 1.81818
12 5 1.81818
12 4.16667 1.72727
12 4.33333 2.36364
12 4.5 1.72727
12 5 2
12 4.83333 1.90909
12 5.16667 4.09091
12 4.83333 1.72727
12 4.33333 2.09091
12 3.83333 1.54545
12 4.16667 2.81818
12 4.66667 2
12 4.66667 2.45455
12 4.66667 1.90909
12 5 3.18182
12 5.16667 2.27273
12 5.5 2.18182
12 4.66667 3.36364
12 4.66667 2.36364
12 3.83333 1.63636
12 4.5 1.90909
12 4.5 1.90909
12 5.83333 2.27273
12 5.5 2.09091
12 5.5 2.09091
12 4.33333 1.90909
12 4.16667 1.63636
12 4.33333 1.54545
12 5 2.27273
12 4.66667 2.09091
12 4.66667 1.72727
12 5.33333 2.45455
12 4.66667 2.27273
12 4.83333 1.90909
12 4.66667 2.45455
12 4.66667 1.81818
12 4.83333 2.09091
12 4.33333 1.81818
12 4.16667 2.27273
12 5.5 3.27273
12 4.33333 2.63636
12 4.33333 1.63636
12 4.16667 1.54545
12 4.33333 2.09091
12 4.33333 1.90909
12 4.66667 2.45455
12 4.33333 2.36364
12 5.16667 2.72727
12 4.5 3.54545
12 5.16667 2.18182
12 4 1.81818
12 4.33333 1.90909
12 5.16667 2.90909
12 4.33333 1.54545
12 5 2.72727
12 5.16667 2
12 5.5 2.09091
12 4.83333 1.81818
12 4.5 1.54545
12 4.33333 2.36364
12 4.33333 1.45455
13 4 1.33333
13 4.76923 1.66667
13 4.76923 2.33333
13 4.30769 2.5
13 5.07692 2.91667
13 4.76923 2.08333
13 4.76923 2.08333
13 4.15385 1.83333
13 4.76923 2.83333
13 4.46154 1.58333
13 4.15385 1.66667
13 4.76923 2.08333
13 4.92308 2
13 4.61538 2
13 4.46154 2.08333
13 4.30769 2.5
13 4 2.58333
13 5.69231 2.5
13 4.76923 2.41667
13 4.30769 2.5
13 5.38462 2.33333
13 4.46154 1.83333
13 4.30769 2.16667
13 5.53846 2.58333
13 4.61538 1.91667
13 4.46154 1.58333
13 5.07692 2.83333
13 4.15385 2.75
13 4.76923 2.83333
13 5.69231 3.25
13 5.53846 2.33333
13 4.46154 1.75
13 4.30769 1.83333
13 4.61538 2.16667
13 4.76923 1.66667
13 4.15385 1.91667
13 4.46154 1.5
13 5.38462 2.41667
13 4.92308 2.25
13 4.76923 1.66667
13 4.15385 3
13 5.07692 2.16667
13 5.07692 2
13 5.07692 2
13 5.07692 2.33333
13 5.53846 2.33333
13 4.46154 1.58333
13 4.15385 1.58333
13 5.07692 2.5
13 4.76923 1.75
13 4.61538 2.16667
13 4.46154 2.25
13 5.07692 2
13 5.23077 4
13 4.46154 1.5
13 4.46154 1.75
13 5.53846 2.41667
13 4.61538 2.08333
13 4.15385 2.58333
13 4.30769 2.08333
13 6 2.66667
13 4.30769 1.58333
13 4.61538 2
13 4.76923 2.75
13 4.46154 1.66667
13 4.46154 1.58333
13 4.76923 1.66667
13 4.15385 1.41667
13 4.61538 2.16667
13 4.30769 2.08333
13 4.15385 1.83333
13 5.38462 2.33333
13 4.61538 1.58333
13 5.38462 2.33333
13 5.07692 2
13 5.07692 2.5
13 5.53846 2.5
13 4.76923 1.66667
13 4.61538 2.16667
13 4.76923 2.5
13 4.30769 1.83333
13 5.07692 2.08333
13 4.61538 2.08333
13 4.46154 2.41667
13 4.61538 3.33333
13 4.92308 2.08333
13 4.15385 1.58333
13 4 1.58333
13 4.15385 1.41667
13 4.30769 1.75
13 4.92308 2
13 5.38462 2.08333
13 4.76923 2
13 5.07692 2.16667
13 4.46154 1.83333
13 4.76923 2.25
13 4.30769 2.08333
13 4.76923 1.83333
13 6.76923 2.75
13 5.07692 2.5
13 4.76923 1.83333
13 5.38462 2.58333
13 4.15385 1.66667
13 4.76923 2.16667
13 4.15385 1.66667
13 4.92308 2.08333
13 4.46154 1.66667
13 5.07692 2
13 4.30769 2.83333
13 4.30769 1.66667
13 4.46154 3.25
13 4.92308 1.91667
13 5.07692 3.25
13 5.38462 2.08333
13 6 3.25
13 4.15385 1.75
13 4.46154 2.33333
13 4.76923 2.16667
13 4.76923 2.58333
13 4.92308 2.25
13 4.46154 1.91667
13 4.61538 2.08333
13 4.15385 2
13 4.92308 2.41667
13 4 1.75
13 4.15385 2.08333
13 4.30769 1.75
13 4.46154 2.33333
13 4.30769 2.5
13 4.61538 2.16667
13 4.61538 2
13 4.92308 3
13 5.07692 2.33333
13 5.07692 1.91667
13 4.92308 3.16667
13 4.46154 2
13 4.61538 1.75
13 4.46154 2.08333
13 4.15385 1.5
13 4.92308 2.5
13 4.61538 2.16667
13 6.76923 3.41667
13 4.46154 2.08333
13 4 1.91667
13 4.61538 2.08333
13 5.07692 1.83333
13 4.76923 2.5
13 4.92308 2.25
13 5.38462 2.66667
13 4.30769 1.66667
13 4.15385 1.58333
13 4.92308 2.16667
13 5.23077 2.25
13 4 1.66667
13 4.92308 3
14 4.42857 1.92308
14 4.57143 1.69231
14 4.57143 2.23077
14 4.85714 1.76923
14 6.14286 2.61538
14 5.28571 2.84615
14 5 3
14 4.42857 2
14 4.71429 2
14 5.14286 2.15385
14 5 4
14 4.57143 1.92308
14 5.57143 3.76923
14 7.71429 4
14 4.71429 2.07692
14 4.42857 1.61538
14 4.28571 1.84615
14 4.71429 3
14 5 2.76923
14 4.85714 1.92308
14 5.14286 1.92308
14 5.57143 2.38462
14 4.85714 2
14 4.57143 1.76923
14 4.28571 1.76923
14 4.42857 1.92308
14 4.71429 2.69231
14 4.14286 1.76923
14 4.71429 2.38462
14 5.85714 4.46154
14 4.71429 2.30769
14 4.14286 1.61538
14 4.28571 1.76923
14 4.85714 3.53846
14 4.85714 2.23077
14 4.85714 2.30769
14 4.71429 1.76923
14 5 2.69231
14 4 1.92308
14 5.28571 3.23077
14 4.57143 2.23077
14 5 3.92308
14 4.85714 2.15385
14 4.14286 1.92308
14 5.14286 2.46154
14 4.57143 1.92308
14 4.71429 2
14 4.57143 2.15385
14 5.28571 2.15385
14 5.14286 2.23077
14 4.42857 1.84615
14 5.85714 2.38462
14 4.85714 2.53846
14 4.28571 2.15385
14 4.71429 2.61538
14 4.57143 3.07692
14 4.42857 1.84615
14 4.57143 1.53846
14 5.42857 2.46154
14 4.85714 2.38462
14 4.28571 1.46154
14 4 1.76923
14 5.71429 2.92308
14 4.42857 2.23077
14 4.28571 2.38462
14 4.85714 1.92308
14 4.14286 1.76923
14 4.28571 1.84615
14 4.71429 2.76923
14 4.85714 1.92308
14 5.28571 2.30769
14 4.57143 2.53846
14 5.71429 2.30769
14 4.71429 1.92308
14 4.57143 2.69231
14 4.71429 1.61538
14 5.85714 2.53846
14 4.85714 2.23077
14 5.28571 2.23077
14 4.57143 2.23077
14 5.28571 2
14 4.71429 2.30769
14 4.42857 2.61538
14 5.85714 2.69231
14 4.57143 2.38462
14 4.28571 2.38462
14 4.28571 1.38462
14 4.57143 2.69231
14 4.85714 2.46154
14 4.71429 2.92308
14 4.71429 1.69231
14 6 3.23077
14 4.71429 1.84615
14 4.57143 2.30769
14 4.71429 2.76923
14 4.42857 1.76923
14 4.85714 2.30769
14 4.57143 2.07692
14 4.28571 1.92308
14 4.57143 2.46154
14 4.71429 1.92308
14 4.71429 2.46154
14 4.85714 2.46154
14 4.85714 2.92308
14 5 1.76923
14 4.28571 1.76923
14 4 1.46154
14 4.71429 2.61538
14 5.71429 4.46154
14 5.85714 2.76923
14 4.85714 2.92308
14 5.14286 3.07692
14 4.14286 1.76923
14 4.28571 2
14 5.85714 2.76923
14 5.42857 3.30769
14 4.57143 1.92308
14 5.28571 2.53846
14 5.28571 2.76923
14 4.57143 1.53846
14 4.85714 1.84615
14 3.85714 1.30769
14 4.42857 2.61538
14 4.85714 2.46154
14 5 2.23077
14 5.14286 2
14 4.71429 3.07692
14 4.71429 1.69231
14 5 2.38462
14 5 2.30769
14 6 2.46154
14 4.71429 2.92308
14 4.42857 2.23077
14 5 2.46154
15 5.33333 2.5
15 4.53333 2.07143
15 4.26667 1.78571
15 4.53333 2
15 4.93333 1.85714
15 4.4 1.85714
15 4.4 2.07143
15 5.06667 2.14286
15 5.06667 2.28571
15 4.66667 2.07143
15 4.66667 2.5
15 5.46667 2.21429
15 4.93333 2.28571
15 4.66667 2.35714
15 4.8 2
15 4.53333 2
15 4.8 2.14286
15 4.8 1.78571
15 4.53333 3.57143
15 4.53333 2.28571
15 4.66667 2
15 4.66667 1.78571
15 5.06667 2.92857
15 5.33333 2.28571
15 4.26667 2.64286
15 4.8 2.64286
15 4.66667 2.42857
15 4.13333 1.71429
15 4.26667 2.07143
15 4.26667 2.14286
15 4.8 2.92857
15 4 1.85714
15 4.66667 2.07143
15 4.93333 2.5
15 4.13333 1.64286
15 4.4 2.71429
15 4.4 2.42857
15 5.06667 2.71429
15 5.46667 2.28571
15 4.66667 1.85714
15 4.53333 2.57143
15 5.06667 3.35714
15 4.93333 2.14286
15 4.66667 2.57143
15 5.06667 2.57143
15 5.2 2.28571
15 4.4 1.78571
15 4.8 2.78571
15 4.13333 2.28571
15 5.86667 2.92857
15 5.6 2.35714
15 5.06667 2.21429
15 5.06667 2.28571
15 4.4 2
15 4.53333 1.92857
15 4.4 1.78571
15 5.06667 2.07143
15 4.53333 2.28571
15 5.06667 3.5
15 4.13333 1.42857
15 4.26667 2.14286
15 4.66667 2.85714
15 4.93333 2
15 4.4 2.14286
15 5.33333 2.14286
15 4.66667 2.28571
15 5.06667 2
15 4.8 1.64286
15 5.2 2.92857
15 5.06667 3
15 4.53333 1.71429
15 4.4 2.64286
15 4.26667 2.07143
15 5.2 2.64286
15 5.33333 1.92857
15 4.66667 2.71429
15 4.13333 1.85714
15 4.4 1.64286
15 4.53333 1.71429
15 4.26667 2
15 4.93333 2.71429
15 4.4 2.28571
15 4.66667 2.14286
15 4.66667 2.35714
15 4.4 1.57143
15 4.4 1.85714
15 4.4 2
15 5.46667 3.07143
15 4.66667 1.85714
15 4.53333 2.28571
15 5.06667 2.14286
15 4.8 2.14286
15 4.8 2.92857
15 4.53333 1.71429
15 6 2.92857
15 4.66667 2.14286
15 5.06667 2.71429
15 5.46667 2.57143
15 4.53333 2.14286
15 4.93333 2.5
15 4.26667 2
15 4.93333 2.71429
15 8.8 3.92857
15 4.66667 2.57143
15 4.93333 2.42857
15 4.66667 2.57143
15 4.53333 1.92857
15 4.26667 1.85714
15 5.2 2.28571
15 5.2 2.57143
15 4.93333 2.5
15 4.53333 2.57143
15 5.33333 2.57143
15 4.4 1.71429
15 4.66667 2
15 4.8 1.92857
15 4.53333 1.78571
15 4.66667 2.14286
15 4.93333 2.57143
15 5.06667 2.85714
15 4.4 2
15 4.8 4
16 4.375 2.13333
16 4.875 1.93333
16 4.5 2.26667
16 4.625 1.8
16 5.125 2.4
16 5.125 2.53333
16 4.875 2.06667
16 4.625 1.73333
16 5.875 3
16 4.875 2.46667
16 5 2.73333
16 4.75 3.2
16 4.25 2.2
16 5.625 2.13333
16 5.25 2.66667
16 4.5 2.13333
16 5.25 2.86667
16 4.625 2.4
16 5 2.2
16 4.25 1.8
16 4.625 2.2
16 4.125 2
16 4.875 2.33333
16 5.125 2.26667
16 4.5 2.46667
16 4.75 2.2
16 4.5 2.46667
16 4.375 2.53333
16 4.875 2.6
16 4.5 2.86667
16 5.125 2.13333
16 4.75 3.06667
16 4.625 2.4
16 4.625 2.46667
16 4.5 2.26667
16 4.375 3.06667
16 4.75 2
16 4.75 2
16 4.5 1.93333
16 4.75 3.53333
16 4.375 1.8
16 5.125 2.2
16 4.875 2
16 4.75 2.13333
16 5.375 2.73333
16 5.125 2.33333
16 4.875 3.6
16 4.5 2.2
16 4.5 2.13333
16 3.875 1.66667
16 4.5 1.73333
16 4.25 1.73333
16 4.75 2.26667
16 4 1.33333
16 4.875 2.6
16 5.75 2.8
16 5.25 3.46667
16 6 2.53333
16 4.875 3.13333
16 4.625 2.13333
16 5.375 2.2
16 5.25 2.13333
16 4.625 2
16 5.5 3.26667
16 5.25 2.4
16 4.25 2.46667
16 4.625 2.46667
16 5.5 3.33333
16 4.5 1.8
16 4.875 2.2
16 5.625 3.46667
16 4.625 2.4
16 5.375 2.8
16 4.125 1.8
16 5.5 2.33333
16 5.375 2.53333
16 5.5 2.66667
16 4.75 2.6
16 5 2.8
16 4.625 2.06667
16 4.75 1.86667
16 5.125 2.66667
16 5.625 2.6
16 5 1.93333
16 5.125 3.33333
16 4.25 1.8
16 4.625 1.6
16 5.25 2.53333
16 4.875 2.2
16 4.5 2.33333
16 4.75 3.13333
16 5.125 2.4
16 4.625 1.8
16 4.75 2.46667
16 4.375 2.26667
16 5.75 2.6
16 5.125 3.46667
16 4.625 2.06667
16 4.5 2.33333
16 4.875 2.4
16 4.875 2.06667
16 4.5 1.66667
16 4.5 1.6
16 4.75 2.86667
17 5.29412 2.875
17 5.88235 2.5625
17 4.70588 2.1875
17 5.76471 3.25
17 4.82353 2.125
17 4.82353 2.75
17 5.17647 2.3125
17 5.29412 2.0625
17 4.94118 3.3125
17 4.82353 2.1875
17 5.05882 2.5625
17 4.70588 2.125
17 4.94118 2.125
17 4.58824 2.1875
17 4.94118 2.6875
17 4.94118 2.5
17 5.29412 2.25
17 4.47059 2.25
17 5.17647 2.6875
17 4.35294 2.25
17 5.29412 2.625
17 5.17647 3.5
17 4.47059 2
17 4.35294 1.6875
17 4.94118 2.375
17 4.70588 2.125
17 4.23529 1.8125
17 4.82353 2.125
17 4.47059 2.4375
17 5.17647 2.25
17 5.41176 2.75
17 4.35294 1.8125
17 4.94118 2.5
17 4.35294 2.375
17 5.05882 2.3125
17 5.17647 2.125
17 5.41176 3.25
17 5.05882 2.6875
17 4.94118 2.75
17 4.70588 2.0625
17 5.17647 2.1875
17 5.64706 3.0625
17 4.82353 2.125
17 5.17647 2.875
17 5.05882 2.75
17 4.47059 1.8125
17 5.64706 2.6875
17 4.70588 1.8125
17 4.70588 2.25
17 4.47059 2.1875
17 5.05882 2.3125
17 5.29412 2.4375
17 5.05882 2.5625
17 4.94118 3.25
17 4.70588 2.4375
17 5.52941 2.3125
17 5.76471 3.0625
17 4.94118 2.1875
17 4.47059 1.6875
17 5.05882 2.5
17 4.47059 1.5625
17 4.82353 1.75
17 4.47059 1.6875
17 4.70588 2.5
17 5.52941 2.375
17 5.05882 2
17 4.70588 1.8125
17 4.70588 2.75
17 4.47059 1.5625
17 4.94118 2.25
17 5.05882 2.375
17 5.41176 2.625
17 4.23529 2.8125
17 4.35294 2
17 5.05882 2.1875
17 5.17647 2.8125
17 5.05882 2.6875
17 4.58824 1.6875
17 5.52941 3.125
17 4.23529 1.6875
17 4.94118 2
17 4.58824 1.875
17 4.94118 2.5
17 5.76471 2.125
17 5.17647 2
17 4.70588 2.875
17 5.05882 2.25
17 4.47059 2.625
17 4.82353 2.875
17 4.23529 1.6875
17 4.47059 2.5
17 4.47059 1.75
17 5.64706 3.625
17 4.94118 2.5
17 4.23529 1.75
18 5.11111 2.29412
18 4.77778 2.05882
18 4.88889 2.94118
18 4.88889 2.05882
18 5.44444 2.23529
18 4.66667 2.35294
18 5.22222 2.47059
18 5.11111 2.47059
18 5.88889 2.70588
18 4.77778 2.05882
18 4.88889 2.47059
18 5 2.47059
18 5.11111 3.11765
18 4.66667 2.05882
18 4.66667 2.23529
18 4.44444 2.35294
18 7.22222 4
18 7.22222 4
18 5.22222 3.11765
18 4.88889 2.11765
18 5.11111 2.70588
18 5.11111 3
18 4.88889 1.94118
18 5 2.29412
18 4.55556 2.41176
18 5.22222 2.35294
18 4.55556 3.41176
18 4.55556 3.05882
18 5 2.76471
18 5.44444 2.70588
18 6 2.64706
18 5.66667 3.05882
18 5.44444 3.29412
18 5.55556 4.05882
18 4.33333 1.94118
18 4.77778 3.41176
18 5.11111 2.17647
18 4.77778 2.35294
18 5.22222 3.70588
18 4.33333 1.64706
18 4.44444 2.23529
18 4.66667 2.94118
18 4.33333 1.58824
18 5.33333 2.88235
18 4.88889 2.23529
18 4.88889 3.58824
18 4.44444 1.94118
18 4.55556 2.41176
18 4.88889 2.05882
18 4.88889 2.29412
18 5.44444 3.35294
18 4.77778 2.17647
18 4.44444 2.29412
18 4.88889 2.11765
18 4.44444 2.11765
18 4.88889 2.94118
18 4.88889 2.41176
18 7 4.35294
18 4.88889 2.17647
18 4.88889 3
18 4.55556 1.82353
18 5.11111 2.52941
18 4.66667 2.94118
18 5 2.35294
18 5.33333 2.11765
18 6.44444 3.88235
18 4.55556 1.88235
18 5.33333 2.64706
18 6.33333 3.11765
18 5 2.47059
18 7.66667 4.76471
18 5.11111 2.82353
18 4.55556 2
18 5 2.47059
18 4.88889 3.35294
18 4.33333 2.88235
19 5.05263 2.83333
19 5.47368 2.66667
19 5.26316 2.38889
19 4.63158 2.05556
19 4.73684 2.72222
19 5.26316 2.88889
19 4.94737 2.66667
19 4.73684 2.11111
19 4.52632 2.44444
19 5.26316 2.5
19 5.47368 3.66667
19 4.63158 2.33333
19 4.21053 2.33333
19 5.26316 2.44444
19 5.26316 2.72222
19 4.63158 2.16667
19 4.73684 3.05556
19 4.63158 2.61111
19 5.47368 2.83333
19 4.10526 2.11111
19 5.26316 3.11111
19 4.84211 2.61111
19 5.05263 3.83333
19 4.52632 1.66667
19 4.63158 1.77778
19 4.42105 2.83333
19 4.63158 2.61111
19 4.94737 2
19 4.63158 2.27778
19 4.73684 2.22222
19 5.26316 2.83333
19 4.73684 2.16667
19 5.68421 2.5
19 4.73684 2.5
19 5.26316 2.61111
19 4.84211 1.94444
19 4.63158 2.27778
19 4.84211 2.66667
19 4.52632 2.16667
19 4.84211 2.88889
19 5.15789 3.11111
19 5.26316 3.22222
19 5.36842 2.61111
19 4.42105 1.77778
19 6 4.66667
19 4.63158 3.05556
19 5.47368 2.33333
19 4.73684 2.61111
19 5.05263 2.5
19 5.26316 2.27778
20 4.3 2.68421
20 4.6 2.73684
20 4.8 2.05263
20 5.1 2.89474
20 4.2 1.94737
20 4.9 2.42105
20 5.4 3.42105
20 4.8 1.78947
20 5.1 2.05263
20 5.2 1.94737
20 5.4 2.31579
20 5 2.31579
20 4.9 1.84211
20 4.5 2.21053
20 5.3 2.52632
20 5.5 2.94737
20 5.3 2.42105
20 4.8 3.57895
20 5.1 2.68421
20 5.4 2.52632
20 4.3 1.94737
20 4.5 1.68421
20 5.1 3
20 6.9 3.15789
20 5 2.73684
20 4.8 3.31579
20 5.4 2.73684
20 5.4 2.73684
20 5 2.10526
20 5.1 2.89474
20 5.4 2.63158
20 5 3.42105
20 5.3 2
20 4.7 2.63158
20 4.9 3.31579
20 4.9 3.52632
20 4.7 2.05263
20 4.8 2.42105
20 5.2 2.05263
20 5.7 2.63158
20 5.4 4.10526
20 4.9 2.31579
20 4.7 2.36842
20 4.5 2.42105
20 4.5 1.42105
20 4.4 2.05263
20 5.2 2.47368
20 6 3.15789
20 4.6 1.84211
20 5.9 4.94737
20 4.9 3.15789
20 4.8 2.05263
20 5.2 2.78947
20 5.1 2.36842
20 5.1 2.78947
20 4.7 2.31579
20 4.9 3.78947
20 5.2 2.78947
20 4.9 2.31579
20 4.4 2
20 5.8 3.63158
20 5.5 2.94737
20 4.8 2.52632
20 5 3.26316
20 5.1 2.78947
20 5 2.15789
20 5.5 3.63158
21 4.85714 3.85
21 5.61905 3.25
21 5.71429 2.7
21 6.47619 3.75
21 5.14286 2.6
21 5.33333 2.4
21 4.85714 1.95
21 5.04762 2.85
21 5.42857 2.1
21 4.47619 2.2
21 4.95238 3.05
21 5.04762 2.6
21 4.85714 2.35
21 4.57143 2.25
21 4.95238 1.9
21 5.52381 4.35
21 5.04762 1.9
21 5.14286 2.65
21 4.95238 2.35
21 4.95238 2.35
21 5.61905 2.75
21 4.7619 2.2
21 5.71429 3.05
21 4.47619 1.85
21 4.95238 3.15
21 5.04762 2.7
21 4.66667 2.9
21 4.66667 2.3
21 4.95238 2.55
21 4.95238 3.85
21 4.66667 3
21 5.52381 3
21 5.52381 2.95
21 4.66667 2.4
21 4.57143 2.25
21 6.57143 2.65
21 4.57143 1.65
21 5.14286 3.45
21 4.85714 3.95
21 5.14286 2.8
21 5.52381 2.4
21 4.66667 2.1
21 5.04762 2.35
21 4.95238 2.2
21 4.66667 1.95
21 5.52381 2.65
21 5.2381 2.4
21 5.61905 3.05
21 5.61905 2.6
21 4.85714 2.35
21 6 2.7
21 4.85714 1.8
21 5.14286 3.2
21 4.95238 2.5
21 5.90476 2.4
21 5.52381 3.7
21 5.14286 4.55
21 5.04762 2.65
22 5.63636 3.28571
22 4.63636 2.28571
22 4.63636 2.28571
22 5.72727 2.61905
22 5.54545 4
22 4.72727 2.38095
22 5.18182 2.33333
22 5.27273 2.90476
22 4.36364 3.09524
22 4.72727 3.14286
22 5 2.28571
22 4.81818 2.2381
22 4.90909 2.57143
22 4.72727 2.28571
22 5.27273 2.95238
22 4.90909 4.47619
22 5.54545 3.09524
22 5.18182 2.52381
22 5.27273 2.33333
22 5.36364 2.66667
22 4.63636 2.28571
22 5.09091 2.61905
22 5.18182 2.61905
22 5.09091 3.14286
22 6.09091 3.04762
22 4.45455 2.28571
22 4.72727 2
22 4.63636 1.90476
22 8.09091 4.47619
22 5.36364 3.28571
22 5.36364 2.47619
22 5.81818 2.71429
22 5 2.47619
22 6.81818 3.85714
22 7.36364 4.85714
22 5 2
22 5 2.71429
23 5.21739 2.45455
23 5.82609 2.90909
23 5.21739 2.36364
23 5.13043 3.54545
23 4.17391 1.63636
23 5.13043 2.81818
23 4.69565 3
23 5.13043 2.27273
23 5.47826 4.22727
23 5.21739 2.90909
23 4.78261 2.40909
23 5.13043 2
23 4.43478 2.5
23 5.30435 3.31818
23 4.78261 2.22727
23 4.52174 2.5
23 4.86957 2.54545
23 5.47826 2.54545
23 5.21739 3.5
23 4.95652 2.31818
23 5.21739 3
23 5.21739 3.68182
23 4.69565 2.5
23 4.86957 2.40909
23 4.86957 3.45455
23 4.69565 2.63636
23 4.86957 2.68182
23 5.04348 2.09091
24 5.08333 2.56522
24 5.16667 2.3913
24 5.5 3.95652
24 5.25 2.3913
24 5 3.21739
24 4.66667 2.69565
24 5.08333 2.21739
24 4.91667 2.86957
24 5.08333 3.08696
24 4.83333 2
24 4.83333 2.69565
24 5.5 2.69565
24 4.75 2.21739
24 5.83333 2.6087
24 5.16667 2.34783
24 5.25 3
24 4.83333 2.65217
24 5.25 3.73913
24 4.91667 1.95652
24 4.75 2.86957
24 5.75 3
24 6.5 3.04348
24 5.08333 2.82609
24 4.66667 2.17391
24 4.66667 3.04348
24 5.33333 2.95652
24 5.16667 3.08696
24 6 2.86957
25 5.12 2.66667
25 4.8 2.29167
25 5.28 2.79167
25 5.36 2.70833
25 5.52 2.54167
25 4.64 3.20833
25 4.72 3
25 4.88 3.41667
25 4.8 2.83333
25 5.84 2.70833
25 5.68 2.75
25 5.04 2.08333
25 4.96 2.91667
25 5.12 2.41667
25 5.2 2.83333
25 5.2 3.41667
25 4.8 2.125
25 4.48 3.125
25 6.24 4.33333
25 5.2 3.08333
25 4.64 2.95833
25 6 3.375
25 4.8 2.41667
26 5.07692 2.2
26 5.15385 2.64
26 5.15385 2.12
26 4.84615 2.64
26 5.15385 3.08
26 5.30769 2.72
26 5.15385 3.36
26 5 3.32
26 5.30769 3.32
26 5.23077 2.28
26 6.15385 3.28
26 5.61538 2.68
27 5.77778 2.84615
27 4.88889 2.34615
27 5.18519 2.5
27 4.81481 3.53846
27 5.18519 3.76923
27 5.18519 2.46154
27 5.25926 2.26923
27 4.81481 2
27 5.03704 3
27 4.66667 3.26923
27 5.40741 2.5
27 4.96296 2.15385
27 5.62963 3.53846
27 5.85185 3.23077
27 6.44444 4.03846
27 4.66667 3.15385
27 5.33333 2.30769
27 5.7037 4.11538
27 5.11111 2.46154
27 5.33333 2.92308
27 4.81481 4.84615
28 5.21429 2.96296
28 5 3.51852
28 5.07143 3.18519
28 5.92857 3.74074
28 5.28571 2.7037
28 4.92857 2.74074
29 5.37931 3.03571
29 5.03448 3.53571
29 5.10345 3.78571
29 5.10345 4.03571
29 4.55172 2.53571
29 4.82759 3
30 8.6 4.27586
30 5.6 3.10345
30 4.93333 2.51724
30 5 3.10345
30 4.8 2.13793
30 5.4 3.65517
30 5.53333 3.44828
30 5.93333 2.82759
31 5.22581 2.43333
31 5.35484 2.5
31 5.16129 2.56667
31 5.16129 2.73333
31 5.29032 4.6
31 5.67742 2.86667
31 4.96774 3.7
31 5.03226 2.53333
31 4.77419 2.96667
31 4.96774 2.53333
32 5.75 3.3871
32 5.0625 3.6129
32 5 3.90323
32 5.9375 4.6129
32 5.625 3.12903
32 5 3.35484
32 5.8125 3.48387
32 5.375 4.12903
33 5.45455 3.125
33 5.63636 2.78125
33 5.57576 5.0625
33 5.09091 2.40625
33 6 4.375
34 5.94118 3.09091
34 5.76471 2.93939
34 5.64706 2.72727
35 5.02857 3.26471
35 6.05714 8.44118
37 5.24324 3.44444
37 5.13514 3.88889
38 5.68421 4.27027
38 5 2.75676
40 5.15 3.20513
41 5.07317 3
41 5.07317 3
41 5.80488 3.625
41 4.97561 3.275
43 5.90698 3.04762
46 4.91304 3.51111
47 5.61702 5.1087
50 6.96 4.53061
