"vertices" "degree_2nd_moment" "mean_length"
2 1 1
2 1 1
2 1 1
2 1 1
2 1 1
2 1 1
2 1 1
2 1 1
2 1 1
2 1 1
2 1 1
2 1 1
2 1 1
2 1 1
2 1 1
2 1 1
2 1 1
2 1 1
2 1 1
2 1 1
2 1 1
2 1 1
2 1 1
2 1 1
2 1 1
2 1 1
2 1 1
2 1 1
2 1 1
2 1 1
2 1 1
2 1 1
2 1 1
2 1 1
2 1 1
2 1 1
2 1 1
2 1 1
2 1 1
2 1 1
2 1 1
2 1 1
2 1 1
2 1 1
2 1 1
2 1 1
2 1 1
2 1 1
2 1 1
2 1 1
2 1 1
2 1 1
2 1 1
2 1 1
2 1 1
2 1 1
2 1 1
2 1 1
2 1 1
2 1 1
2 1 1
2 1 1
2 1 1
2 1 1
2 1 1
2 1 1
2 1 1
2 1 1
2 1 1
2 1 1
2 1 1
2 1 1
2 1 1
2 1 1
2 1 1
2 1 1
2 1 1
2 1 1
2 1 1
2 1 1
2 1 1
2 1 1
2 1 1
2 1 1
2 1 1
2 1 1
2 1 1
2 1 1
2 1 1
2 1 1
2 1 1
2 1 1
2 1 1
2 1 1
2 1 1
2 1 1
2 1 1
2 1 1
2 1 1
2 1 1
2 1 1
2 1 1
2 1 1
2 1 1
2 1 1
2 1 1
2 1 1
2 1 1
2 1 1
2 1 1
2 1 1
2 1 1
2 1 1
2 1 1
2 1 1
2 1 1
2 1 1
2 1 1
2 1 1
2 1 1
2 1 1
2 1 1
2 1 1
2 1 1
2 1 1
2 1 1
2 1 1
2 1 1
2 1 1
2 1 1
2 1 1
2 1 1
2 1 1
2 1 1
2 1 1
2 1 1
2 1 1
2 1 1
2 1 1
2 1 1
2 1 1
2 1 1
2 1 1
2 1 1
2 1 1
2 1 1
2 1 1
2 1 1
2 1 1
2 1 1
2 1 1
2 1 1
2 1 1
2 1 1
2 1 1
2 1 1
2 1 1
2 1 1
2 1 1
2 1 1
2 1 1
2 1 1
3 2 1
3 2 1
3 2 1
3 2 1
3 2 1
3 2 1
3 2 1
3 2 1
3 2 1
3 2 1
3 2 1
3 2 1
3 2 1
3 2 1
3 2 1
3 2 1
3 2 1
3 2 1
3 2 1
3 2 1
3 2 1
3 2 1
3 2 1
3 2 1
3 2 1
3 2 1
3 2 1
3 2 1
3 2 1
3 2 1
3 2 1
3 2 1
3 2 1
3 2 1
3 2 1
3 2 1
3 2 1
3 2 1
3 2 1
3 2 1.5
3 2 1
3 2 1.5
3 2 1
3 2 1.5
3 2 1
3 2 1.5
3 2 1.5
3 2 1
3 2 1
3 2 1
3 2 1
3 2 1
3 2 1
3 2 1
3 2 1
3 2 1
3 2 1.5
3 2 1
3 2 1
3 2 1
3 2 1.5
3 2 1
3 2 1
3 2 1
3 2 1
3 2 1
3 2 1
3 2 1
3 2 1
3 2 1
3 2 1
3 2 1
3 2 1
3 2 1
3 2 1
3 2 1
3 2 1
3 2 1
3 2 1
3 2 1
3 2 1
3 2 1
3 2 1
3 2 1
3 2 1
3 2 1
3 2 1.5
3 2 1
3 2 1
3 2 1
3 2 1
3 2 1
3 2 1.5
3 2 1
3 2 1
3 2 1.5
3 2 1.5
3 2 1
3 2 1
3 2 1
3 2 1
3 2 1
3 2 1
3 2 1
4 2.5 1
4 2.5 1
4 2.5 1
4 3 1.33333
4 2.5 1
4 3 1.33333
4 3 1.33333
4 2.5 1.33333
4 2.5 1
4 3 1.33333
4 2.5 1
4 3 1.33333
4 2.5 1.33333
4 2.5 1
4 3 1.33333
4 3 1.33333
4 2.5 1
4 3 1.33333
4 2.5 1
4 2.5 1
4 2.5 1
4 2.5 1
4 2.5 1
4 2.5 1
4 3 1.33333
4 2.5 1
4 2.5 1.33333
4 2.5 1
4 2.5 1
4 2.5 1
4 2.5 1.33333
4 3 1.33333
4 3 1.33333
4 2.5 1
4 2.5 1
4 2.5 1
4 3 1.33333
4 2.5 1.33333
4 3 1.33333
4 2.5 1
4 2.5 1.33333
4 2.5 1
4 2.5 1
4 2.5 1
4 2.5 1
4 2.5 1
4 2.5 1
4 2.5 1
4 2.5 1
4 2.5 1
4 2.5 1
4 2.5 1
4 2.5 1
4 2.5 1
4 2.5 1
4 2.5 1
4 2.5 1
4 2.5 1.33333
4 2.5 1
4 2.5 1
4 3 1.33333
4 2.5 1
4 2.5 1
4 2.5 1
4 2.5 1
4 2.5 1
4 2.5 1
4 2.5 1
4 2.5 1.33333
4 2.5 1
4 2.5 1
4 2.5 1
4 2.5 1.33333
4 2.5 1.33333
4 2.5 1
4 2.5 1
4 2.5 1.33333
4 2.5 1
4 2.5 1
4 2.5 1
4 2.5 1
4 2.5 1
4 2.5 1
4 2.5 1.33333
4 2.5 1.33333
4 2.5 1
4 2.5 1
4 2.5 1.33333
4 2.5 1.33333
4 2.5 1
4 2.5 1.33333
4 3 1.33333
4 2.5 1
4 2.5 1
4 3 1.33333
4 2.5 1
4 2.5 1
4 2.5 1.33333
4 2.5 1.33333
4 2.5 1.33333
4 2.5 1
4 2.5 1.33333
4 2.5 1.33333
4 2.5 1.33333
4 2.5 1.33333
4 2.5 1
4 3 1.33333
4 3 1.33333
4 2.5 1
4 2.5 1
4 2.5 1
4 2.5 1
4 2.5 1
4 2.5 1
4 2.5 1
5 3.2 1.5
5 2.8 1
5 3.2 1.25
5 3.2 1.25
5 3.2 1.25
5 3.2 1.25
5 3.2 1.25
5 2.8 1.25
5 3.2 1.5
5 2.8 1.25
5 2.8 1.25
5 2.8 1.25
5 2.8 1.25
5 2.8 1.25
5 2.8 1.25
5 2.8 1.25
5 2.8 1.25
5 2.8 1.25
5 2.8 1
5 3.2 1.25
5 2.8 1
5 3.2 1.25
5 2.8 1
5 4 1.75
5 2.8 1
5 3.2 1.25
5 2.8 1
5 3.2 1.25
5 2.8 1.5
5 3.2 1.5
5 3.2 1.25
5 2.8 1
5 3.2 1.25
5 3.2 1.25
5 3.2 1.25
5 4 1.75
5 2.8 1
5 3.2 1.25
5 2.8 1.25
5 3.2 1.25
5 2.8 1
5 2.8 1
5 3.2 1.25
5 3.2 1.5
5 3.2 1.25
5 3.2 1.5
5 2.8 1
5 2.8 1.25
5 3.2 1.25
5 3.2 1.25
5 3.2 1.25
5 3.2 1.25
5 3.2 1.25
5 3.2 1.25
5 2.8 1
5 2.8 1.25
5 3.2 1.25
5 3.2 1.25
5 2.8 1.25
5 3.2 1.75
5 3.2 1.25
5 3.2 1.25
5 2.8 1.25
5 3.2 1.25
5 3.2 1.25
5 2.8 1.25
5 3.2 1.25
5 3.2 1.25
5 3.2 1.5
5 2.8 1
5 2.8 1
5 3.2 1.25
5 2.8 1
5 3.2 1.25
5 3.2 1.5
5 3.2 1.25
5 2.8 1
5 2.8 1.25
5 3.2 1.25
5 3.2 1.25
5 2.8 1.25
5 2.8 1
5 3.2 1.5
5 4 1.75
5 3.2 1.25
5 3.2 1.5
5 2.8 1
5 2.8 1.25
5 2.8 1
5 3.2 1.25
5 3.2 1.5
5 2.8 1.25
5 3.2 1.25
5 2.8 1
5 3.2 1.25
5 2.8 1
5 3.2 1.25
5 3.2 1.25
5 3.2 1.25
5 3.2 1.25
5 2.8 1
5 2.8 1.5
5 3.2 1.5
5 3.2 1.25
5 2.8 1.25
5 3.2 1.5
5 2.8 1.25
5 2.8 1.25
5 3.2 1.25
5 2.8 1
5 3.2 1.25
5 3.2 1.25
5 3.2 1.5
5 3.2 1.25
5 2.8 1
5 3.2 1.5
5 3.2 1.25
5 3.2 1.25
5 3.2 1.5
5 2.8 1
5 3.2 1.25
5 3.2 1.5
5 2.8 1
5 2.8 1
5 2.8 1
5 2.8 1
5 3.2 1.25
5 2.8 1
5 3.2 1.5
5 3.2 1.5
5 3.2 1.25
5 3.2 1.25
5 2.8 1.5
5 3.2 1.25
5 2.8 1.5
5 3.2 1.5
5 2.8 1
5 3.2 1.5
5 3.2 1.5
5 3.2 1.25
5 2.8 1.25
5 2.8 1
5 2.8 1.25
5 4 1.75
5 3.2 1.5
5 3.2 1.5
5 3.2 1.5
5 3.2 1.5
5 3.2 1.5
5 3.2 1.5
5 3.2 1.5
5 2.8 1.5
5 4 1.75
5 4 1.75
5 3.2 1.5
5 2.8 1
5 2.8 1.25
5 3.2 1.25
5 2.8 1
5 2.8 1
5 3.2 1.25
5 2.8 1
5 3.2 1.25
5 2.8 1
5 3.2 1.5
5 2.8 1
5 2.8 1
6 3 1
6 3.66667 1.4
6 3.33333 1.4
6 3.33333 1.4
6 3 1.4
6 3 1.4
6 3.33333 1.4
6 3 1
6 3.66667 1.4
6 3.33333 1.4
6 4 1.6
6 3 1
6 4 1.8
6 3 1.4
6 3 1.4
6 3 1.4
6 3.33333 1.2
6 3 1
6 3.33333 1.6
6 3.33333 1.6
6 3.33333 1.2
6 3.33333 1.4
6 3 1
6 4 1.6
6 3.33333 1.2
6 3 1
6 3 1
6 3 1
6 4 1.6
6 4 2
6 3.33333 1.2
6 3.33333 1.2
6 3.66667 1.4
6 3.33333 1.6
6 3.66667 1.4
6 3.66667 1.4
6 3.66667 1.4
6 4 1.6
6 3.33333 1.4
6 3.33333 1.2
6 4 1.8
6 3.33333 1.2
6 3 1
6 4 1.6
6 3.33333 1.2
6 4 2
6 3 1
6 3.33333 1.2
6 3.33333 1.2
6 3.33333 1.2
6 3.33333 1.2
6 4 2
6 3.33333 1.2
6 3.33333 2
6 3 1
6 4 1.6
6 4 1.6
6 3.33333 1.2
6 3.33333 1.2
6 3.33333 1.2
6 3.33333 1.2
6 3.33333 1.4
6 3.66667 1.4
6 3.66667 1.4
6 3.33333 1.4
6 3.33333 1.6
6 3.33333 1.2
6 3.33333 1.4
6 3 1.4
6 3 1
6 3.33333 1.2
6 3.33333 1.2
6 3.66667 1.4
6 3.33333 1.2
6 3 1
6 3 1
6 3.33333 1.2
6 3.66667 1.4
6 3 1.4
6 3 1.4
6 3.33333 1.2
6 3 1.4
6 3 1.2
6 3.33333 1.4
6 3.66667 1.4
6 4 1.6
6 3 1.4
6 3 1
6 3.33333 1.2
6 3.33333 1.4
6 3.66667 1.4
6 3.33333 1.2
6 3.33333 1.6
6 3.33333 1.2
6 3 1.2
6 4 1.6
6 3 1
6 3.33333 1.4
6 3.33333 1.2
6 3.33333 1.6
6 4 1.6
6 4 2.2
6 3.66667 1.4
6 4 1.6
6 3.33333 1.2
6 3 1
6 3.33333 1.2
6 3.33333 1.2
6 3 1
6 3.66667 1.4
6 3.33333 1.2
6 3 1.4
6 3.66667 1.4
6 3 1.4
6 3 1
6 3 1
6 3.33333 1.4
6 3.33333 1.4
6 3.33333 1.2
6 3.33333 1.2
6 3.33333 1.2
6 3 1
6 3.33333 1.6
6 3.33333 1.2
6 3.33333 1.4
6 3.33333 1.6
6 3 1.4
6 5 2.2
6 3.33333 1.2
6 3.33333 1.2
6 3 1
6 3 1
6 3.33333 1.2
6 3.33333 1.2
6 3.33333 1.2
7 3.71429 1.33333
7 3.42857 1.16667
7 3.42857 1.5
7 3.42857 1.16667
7 4.85714 2
7 4 1.5
7 4 1.5
7 4 1.5
7 3.14286 1.5
7 3.42857 1.66667
7 3.42857 1.16667
7 4.85714 2
7 3.42857 1.16667
7 4.28571 1.66667
7 4 1.66667
7 3.71429 1.66667
7 3.42857 1.5
7 3.42857 1.16667
7 4 1.5
7 3.14286 1
7 3.42857 1.16667
7 3.71429 1.33333
7 3.42857 1.33333
7 3.71429 1.5
7 3.42857 1.5
7 3.42857 1.33333
7 3.71429 1.33333
7 3.71429 1.33333
7 3.42857 1.16667
7 3.71429 1.33333
7 4.85714 2
7 3.71429 1.33333
7 3.42857 1.16667
7 3.42857 1.16667
7 3.42857 1.16667
7 3.42857 1.33333
7 3.42857 1.33333
7 3.42857 1.33333
7 3.42857 1.16667
7 3.42857 1.33333
7 3.14286 1.16667
7 3.71429 1.33333
7 3.42857 1.33333
7 3.42857 1.33333
7 3.42857 1.5
7 3.71429 1.33333
7 3.71429 1.66667
7 3.42857 1.16667
7 3.42857 1.33333
7 3.14286 1
7 3.42857 1.16667
7 3.14286 1
7 3.42857 1.66667
7 3.14286 1.33333
7 4 1.66667
7 3.42857 1.33333
7 3.14286 1.5
7 3.42857 1.33333
7 3.71429 1.5
7 3.71429 1.33333
7 3.14286 1.33333
7 3.71429 1.33333
7 4 1.5
7 3.71429 1.33333
7 3.42857 1.16667
7 3.42857 1.16667
7 4.28571 1.66667
7 3.14286 1.33333
7 4 2
7 3.42857 1.16667
7 3.14286 1
7 4 1.83333
7 3.42857 1.5
7 3.42857 1.16667
7 3.71429 1.66667
7 3.71429 1.33333
7 3.71429 1.33333
7 3.42857 1.16667
7 3.42857 1.33333
7 3.42857 1.16667
7 3.71429 1.33333
7 3.42857 1.66667
7 3.42857 1.33333
7 3.42857 1.5
7 3.42857 1.33333
7 4 2.16667
7 3.42857 1.16667
7 3.14286 1.16667
7 3.14286 1.16667
7 3.42857 1.16667
7 3.42857 1.83333
7 4 1.5
7 3.42857 1.33333
7 3.71429 1.83333
7 3.71429 1.5
7 4 1.5
7 4.28571 2.33333
7 3.71429 1.5
7 3.71429 1.5
7 3.42857 1.16667
7 4.28571 1.66667
7 4.28571 1.66667
7 4 1.5
7 3.71429 1.33333
7 3.42857 1.5
7 3.71429 1.5
7 3.14286 1
7 3.42857 1.16667
7 3.71429 1.33333
7 3.42857 1.33333
7 3.42857 1.16667
7 3.71429 1.5
7 3.71429 1.33333
7 3.14286 1
7 3.14286 1
7 3.14286 1.5
7 3.42857 1.5
7 4 1.83333
7 3.42857 1.66667
7 4.85714 2
7 3.42857 1.33333
7 4 1.83333
7 4.28571 1.66667
7 4 1.66667
7 3.42857 1.33333
7 3.42857 1.33333
7 3.42857 1.33333
7 3.42857 1.33333
7 3.14286 1.16667
7 4 1.66667
7 3.42857 1.5
7 3.42857 1.16667
7 3.42857 1.16667
7 3.42857 1.33333
7 3.42857 1.16667
7 4.28571 1.66667
7 3.71429 1.33333
7 3.14286 1.33333
7 4 1.5
7 3.42857 1.5
7 3.42857 1.5
7 3.71429 1.33333
7 3.71429 1.33333
7 3.71429 1.33333
8 3.75 1.28571
8 3.5 1.14286
8 3.5 1.71429
8 4.25 1.57143
8 3.5 1.14286
8 3.5 1.14286
8 4.75 2
8 5.75 2.42857
8 3.75 1.28571
8 4.75 2.14286
8 3.75 1.42857
8 4.25 1.57143
8 3.5 1.42857
8 4 1.42857
8 4 1.57143
8 3.5 1.71429
8 3.5 1.14286
8 3.75 1.28571
8 4 1.57143
8 4.25 1.57143
8 3.75 1.28571
8 3.5 1.57143
8 4 1.42857
8 3.75 1.28571
8 3.5 1.28571
8 4 1.71429
8 3.5 1.71429
8 4 1.71429
8 4.25 1.71429
8 4.25 1.57143
8 3.75 1.71429
8 3.75 1.28571
8 3.25 1.28571
8 4.75 2.71429
8 3.5 1.14286
8 3.5 1.14286
8 3.25 1
8 4 1.57143
8 4 1.42857
8 3.5 1.14286
8 3.5 1.42857
8 4 1.57143
8 3.5 1.28571
8 4.25 1.57143
8 3.75 1.28571
8 3.75 1.57143
8 4.25 1.71429
8 3.75 1.71429
8 3.25 1
8 3.5 1.57143
8 4.25 1.57143
8 3.5 1.14286
8 3.75 1.28571
8 3.75 1.28571
8 3.25 1
8 4 1.71429
8 4.75 2
8 3.75 1.28571
8 3.75 1.28571
8 4.75 2.28571
8 4.25 1.57143
8 3.5 1.28571
8 4 1.85714
8 3.75 1.85714
8 4.25 1.85714
8 3.5 1.28571
8 4.25 1.85714
8 3.25 1
8 4 1.42857
8 3.5 1.14286
8 3.75 1.28571
8 4.75 1.85714
8 3.75 1.57143
8 4.25 1.57143
8 4 2.42857
8 3.75 1.28571
8 3.5 1.14286
8 4 1.42857
8 3.75 1.71429
8 4.25 1.57143
8 3.75 1.28571
8 3.5 1.28571
8 3.75 1.28571
8 3.75 1.85714
8 4 1.42857
8 3.75 1.42857
8 3.75 1.28571
8 3.5 1.28571
8 4.25 1.85714
8 4 1.42857
8 3.5 1.28571
8 4.75 1.85714
8 3.75 2.14286
8 3.5 1.28571
8 3.5 1.28571
8 3.75 1.28571
8 3.75 1.28571
8 4.75 2.71429
8 3.5 1.28571
8 3.5 1.14286
8 4 1.42857
8 3.5 1.14286
8 4.75 2
8 4.25 1.57143
8 3.75 1.42857
8 3.75 1.28571
8 3.75 1.57143
8 3.5 1.28571
8 4.25 1.57143
8 3.75 1.28571
8 3.75 1.28571
8 3.75 1.28571
8 3.75 1.42857
8 3.5 1.28571
8 4.25 1.57143
8 4 1.42857
8 3.5 1.14286
8 4 1.85714
8 4.75 2
8 4 1.42857
8 3.75 1.28571
8 4 1.57143
8 4.75 1.85714
8 4 1.57143
8 3.5 1.42857
8 4 1.57143
8 3.5 1.28571
8 3.5 1.14286
8 3.25 1
8 4.25 2.14286
8 4.25 2.14286
8 3.5 1.14286
8 3.5 1.14286
8 3.5 1.28571
8 4.75 1.85714
8 4.75 1.85714
8 3.75 1.42857
8 3.5 2
8 3.75 1.57143
8 3.5 1.14286
8 3.25 1
8 3.75 1.28571
8 3.25 1
8 3.5 1.14286
8 3.5 1.28571
8 3.5 1.28571
8 3.75 1.28571
8 4 1.85714
8 3.5 1.14286
8 3.5 1.14286
8 3.5 1.14286
8 3.5 1.28571
8 3.5 1.28571
8 3.75 2
8 4.25 1.71429
8 4.25 1.57143
8 3.5 1.42857
8 3.75 1.28571
8 3.75 1.85714
8 3.5 1.14286
8 4.25 1.57143
8 3.75 1.28571
8 3.25 1.28571
8 4 1.42857
8 4 1.42857
8 3.25 1
8 3.5 1.71429
8 3.75 1.28571
8 4.25 1.57143
8 3.75 1.42857
8 3.75 1.57143
8 3.75 1.28571
8 3.5 1.57143
8 4.25 1.57143
8 3.75 1.85714
8 3.75 1.28571
8 4.25 1.57143
8 3.75 1.28571
8 3.5 1.57143
8 4 1.42857
8 4 1.42857
8 5.75 3.14286
8 3.75 1.28571
8 3.5 1.42857
8 3.5 1.14286
8 3.75 1.71429
9 3.55556 1.125
9 4.22222 1.875
9 3.77778 1.5
9 4 1.5
9 3.55556 1.125
9 3.55556 1.125
9 4.66667 2.5
9 3.55556 1.25
9 4 1.5
9 4.22222 1.75
9 4.22222 1.5
9 4.66667 2.375
9 4 1.5
9 4 1.375
9 4 1.5
9 4.22222 1.5
9 4.22222 1.5
9 3.55556 1.125
9 3.77778 1.25
9 4.22222 1.5
9 4.22222 1.5
9 4 1.375
9 4.22222 1.75
9 3.77778 1.5
9 4 1.5
9 3.77778 1.25
9 4.22222 1.75
9 4 1.375
9 4.66667 1.75
9 3.77778 1.25
9 4.88889 2
9 3.55556 1.125
9 4 2.125
9 4.66667 1.75
9 3.55556 1.5
9 3.77778 1.5
9 4.66667 2.875
9 4 1.375
9 3.77778 1.25
9 4 1.875
9 4 1.5
9 3.77778 1.25
9 4.66667 1.75
9 4.66667 2.125
9 3.55556 1.125
9 3.55556 1.375
9 3.77778 1.25
9 3.55556 1.375
9 3.55556 1.25
9 5.55556 3.125
9 3.77778 1.5
9 4.22222 1.5
9 3.77778 1.25
9 4 1.875
9 4 1.75
9 3.77778 1.25
9 4.22222 1.625
9 4.22222 1.5
9 3.55556 1.125
9 4.66667 1.75
9 4.22222 2.125
9 4.66667 1.75
9 4 1.375
9 4.22222 1.5
9 4.22222 1.625
9 4 1.5
9 4 1.375
9 5.55556 3.125
9 4 1.375
9 3.77778 1.5
9 4 2.25
9 4.22222 1.5
9 3.77778 2.75
9 4.22222 2.375
9 4.66667 2.75
9 3.77778 1.375
9 3.55556 1.125
9 3.55556 1.125
9 4.22222 1.5
9 3.77778 1.25
9 3.77778 1.5
9 3.77778 1.25
9 3.77778 1.25
9 4.22222 1.5
9 4 1.375
9 3.77778 1.5
9 3.77778 2
9 3.77778 1.75
9 3.55556 1.25
9 4.22222 1.625
9 3.55556 1.125
9 4 1.75
9 3.77778 1.25
9 3.55556 1.125
9 4 1.5
9 3.55556 1.625
9 4.66667 2
9 4 1.375
9 4.22222 1.5
9 4.22222 2
9 4.22222 1.5
9 4.66667 1.75
9 4.22222 1.5
9 4.66667 1.875
9 4.66667 1.75
9 4.22222 1.75
9 4 1.5
9 4.22222 1.75
9 3.55556 1.5
9 4.22222 1.75
9 3.77778 2.25
9 4.66667 2.125
9 5.55556 2.875
9 3.77778 1.375
9 4 1.625
9 4.22222 1.625
9 3.77778 1.25
9 3.55556 1.25
9 3.77778 1.375
9 3.77778 1.5
9 3.77778 1.375
9 4.88889 2
9 4.22222 1.5
9 3.55556 1.125
9 3.77778 1.25
9 3.55556 1.375
9 3.55556 1.25
9 4.22222 1.5
9 4.22222 1.5
9 3.55556 1.25
9 4 1.375
9 4 1.375
9 3.77778 1.375
9 3.55556 1.125
9 3.55556 1.125
9 4.22222 1.5
9 3.77778 1.5
9 4.22222 1.625
9 3.55556 1.125
9 3.55556 1.25
9 3.55556 1.125
9 4.66667 1.75
9 3.55556 1.375
9 3.77778 1.25
9 3.55556 1.375
9 4 1.625
9 4.22222 1.5
9 4 1.75
9 3.55556 1.75
9 4 1.5
9 4.22222 2
9 4.66667 2.5
9 3.55556 1.125
9 4.22222 1.5
9 3.55556 1.125
9 3.77778 1.375
9 3.77778 1.5
9 4 1.375
9 4.22222 1.5
9 4.66667 2
9 4.22222 2
9 3.55556 1.125
9 4.66667 1.75
9 3.55556 1.125
9 3.55556 1.75
10 4.2 1.55556
10 4.2 1.66667
10 4.8 2.33333
10 4.2 1.55556
10 4.6 2.33333
10 3.6 1.11111
10 3.6 1.11111
10 4.8 1.77778
10 3.8 1.55556
10 4.8 1.77778
10 4.8 2.11111
10 4 1.33333
10 4.2 2
10 4.2 1.55556
10 3.8 1.44444
10 4.2 1.77778
10 4.2 2
10 4.8 1.77778
10 3.8 1.22222
10 4.2 1.55556
10 4.4 1.55556
10 4.4 1.55556
10 6.4 2.66667
10 4.4 1.66667
10 3.8 1.22222
10 3.8 1.22222
10 4.6 1.77778
10 4.8 2.11111
10 4.2 2
10 3.8 1.44444
10 4.4 1.88889
10 4.2 1.44444
10 4 1.77778
10 4.6 2.11111
10 4.6 1.88889
10 4.2 1.44444
10 3.8 1.44444
10 4 1.66667
10 4 1.55556
10 4.2 1.66667
10 4.2 1.66667
10 4.2 1.55556
10 4.6 1.88889
10 3.8 1.22222
10 4.6 2.77778
10 4.4 1.55556
10 4.2 2
10 4.2 1.66667
10 4.8 1.77778
10 4.2 1.55556
10 3.8 1.22222
10 3.8 1.44444
10 4 1.77778
10 3.6 1.11111
10 4 1.66667
10 4 1.77778
10 3.8 1.44444
10 4 1.55556
10 4.2 1.88889
10 3.8 1.55556
10 5.4 2.55556
10 3.6 2
10 3.8 1.22222
10 5 1.88889
10 5.2 2.11111
10 3.8 1.33333
10 3.8 1.22222
10 4.4 1.66667
10 3.8 1.66667
10 3.8 1.44444
10 4 2.22222
10 4 1.33333
10 3.8 1.22222
10 4 1.55556
10 4 1.44444
10 3.8 1.22222
10 4.6 1.88889
10 4.2 1.44444
10 4 1.55556
10 4 1.44444
10 4.2 1.66667
10 4 1.44444
10 4.4 1.66667
10 4.4 1.88889
10 4.2 1.66667
10 3.8 1.44444
10 4 1.55556
10 4.8 1.77778
10 4 1.33333
10 3.8 1.33333
10 4.2 1.44444
10 4.8 1.88889
10 4.4 1.55556
10 3.8 2.22222
10 3.6 1.11111
10 3.8 1.44444
10 4.2 1.66667
10 4.4 1.77778
10 4.6 2.11111
10 4 1.33333
10 3.8 1.22222
10 4.6 1.77778
10 3.8 1.66667
10 3.8 1.33333
10 5.6 2.22222
10 4 1.77778
10 3.6 1.33333
10 3.8 1.44444
10 4.2 1.66667
10 4.6 1.88889
10 5.4 2.22222
10 3.8 1.33333
10 4.2 1.88889
10 4 1.77778
10 3.8 1.22222
10 5.6 3.33333
10 3.8 1.44444
10 4 1.77778
10 4 1.44444
10 4.6 1.88889
10 4.2 1.44444
10 3.6 1.55556
10 3.6 1.11111
10 4.2 1.66667
10 4.6 1.88889
10 3.6 1.11111
10 4.6 1.77778
10 4.6 1.77778
10 4.8 1.88889
10 4.8 2
10 4.2 1.55556
10 3.8 1.22222
10 4.2 1.88889
10 5 1.88889
10 4.2 1.77778
10 4.6 2.22222
10 3.6 1.44444
10 6.4 2.66667
10 4.6 2.22222
10 4.6 2.33333
10 4 1.55556
10 3.6 1.44444
10 5 1.88889
10 4.4 1.66667
10 3.8 1.77778
10 3.8 1.33333
10 4.6 2.22222
10 4.4 1.55556
10 4.4 1.55556
10 4.2 1.55556
10 4.2 1.88889
10 4.2 2.11111
10 4.8 1.88889
10 3.6 1.33333
10 4.2 1.55556
10 4.4 1.55556
10 4 1.33333
10 5.6 2.22222
10 4.6 1.77778
10 3.8 1.44444
11 4.72727 1.9
11 3.81818 1.3
11 4.18182 2
11 5.09091 2.8
11 3.81818 1.5
11 4 1.6
11 3.81818 1.6
11 3.81818 1.2
11 5.27273 2
11 4.18182 1.6
11 4.36364 1.9
11 5.27273 2.3
11 4.18182 1.7
11 4.36364 2.1
11 4.18182 1.7
11 5.09091 2.3
11 3.81818 1.2
11 3.81818 1.9
11 5.27273 2.4
11 3.63636 1.3
11 3.63636 1.1
11 4.54545 2.1
11 3.81818 1.4
11 4.36364 1.5
11 4.54545 1.8
11 4.36364 1.5
11 4.18182 1.9
11 4.18182 1.6
11 4.18182 1.4
11 4.72727 1.7
11 4.18182 1.6
11 4.18182 1.6
11 4.54545 1.7
11 4.54545 2.2
11 4.18182 1.8
11 4 1.6
11 4.90909 2.4
11 4.54545 1.6
11 5.45455 2.3
11 4.36364 1.5
11 5.09091 2
11 3.81818 1.4
11 6.36364 3.1
11 4.18182 1.8
11 4.90909 1.9
11 3.81818 1.8
11 4 1.9
11 5.81818 2.9
11 4.90909 2
11 4 1.5
11 5.09091 2
11 4.54545 2.1
11 5.09091 2.1
11 5.27273 2.9
11 4.72727 2.1
11 5.45455 2.1
11 3.81818 1.2
11 4.36364 1.7
11 4.72727 1.8
11 3.81818 1.2
11 4.18182 2
11 4.72727 2.3
11 4.72727 2.6
11 4.18182 1.9
11 4.36364 1.8
11 4.54545 2
11 3.63636 1.1
11 4.36364 1.5
11 4.36364 1.8
11 3.81818 1.5
11 4.18182 1.8
11 4.36364 1.9
11 4.18182 2.1
11 4.54545 1.7
11 4 1.3
11 4.18182 1.8
11 4.18182 1.8
11 4.36364 1.5
11 4.54545 1.8
11 4.18182 1.6
11 4.18182 1.8
11 4.18182 1.6
11 4 1.5
11 5.27273 3.6
11 4.18182 1.6
11 4 1.4
11 4 1.4
11 3.81818 1.5
11 4 1.4
11 3.81818 1.4
11 4.72727 2
11 3.81818 1.6
11 3.81818 1.3
11 4 2.2
11 4.18182 1.5
11 3.81818 1.5
11 4.18182 1.7
11 4.54545 1.7
11 4.36364 1.7
11 3.81818 1.3
11 3.81818 1.3
11 4.36364 1.7
11 5.09091 1.9
11 4.72727 2
11 4.18182 1.5
11 4 1.4
11 6.36364 3.1
11 4.72727 1.7
11 3.81818 1.6
11 4.54545 1.8
11 6.18182 2.7
11 4.36364 1.5
11 4.18182 1.4
11 4 1.3
11 3.81818 1.6
11 4.54545 1.6
11 3.81818 1.3
11 3.81818 1.2
11 4.36364 1.9
11 3.81818 1.7
11 4.18182 2
11 4.18182 1.9
11 4.18182 1.6
11 4.18182 1.7
11 4.90909 2.1
11 4.72727 1.8
11 4 1.7
11 4.18182 1.7
11 4 1.5
11 4.72727 2.6
11 5.09091 2.5
11 4.72727 1.7
11 4.54545 1.8
11 3.81818 1.2
11 4 1.6
11 4 1.7
11 4.36364 2
11 4.18182 1.8
11 3.81818 1.9
11 4.18182 1.5
11 4.18182 1.5
11 4.36364 1.7
11 5.45455 2.1
11 3.81818 1.2
11 4.18182 1.6
11 3.63636 1.3
11 4.54545 1.6
12 4 1.72727
12 4.66667 1.81818
12 4.5 2
12 5.5 2.09091
12 4.33333 1.63636
12 4.16667 1.63636
12 4.33333 1.63636
12 4.16667 1.72727
12 4.33333 1.90909
12 4.33333 1.45455
12 3.66667 1.09091
12 4.16667 1.63636
12 4 2.18182
12 4 1.72727
12 4.66667 2.09091
12 4.66667 1.90909
12 4.16667 2
12 4.16667 2.09091
12 4 1.63636
12 5.66667 2.45455
12 3.83333 1.18182
12 3.66667 1.09091
12 4 1.72727
12 4 1.36364
12 5.33333 2
12 4.5 1.81818
12 4.5 1.90909
12 5.16667 3
12 4.33333 1.72727
12 3.83333 1.27273
12 4.5 1.72727
12 4.33333 2
12 4.33333 2
12 4 1.27273
12 4.16667 1.54545
12 5.66667 2.18182
12 4.16667 1.72727
12 4.5 1.72727
12 4.16667 1.81818
12 4.16667 1.54545
12 4.5 1.63636
12 4.66667 1.63636
12 4.5 1.90909
12 4 1.45455
12 4.16667 1.81818
12 4.33333 1.54545
12 4.5 1.54545
12 3.83333 1.54545
12 4 2
12 5.33333 3.09091
12 4 1.27273
12 4 1.45455
12 4.66667 2
12 4.33333 2.27273
12 4.5 2.09091
12 4.16667 1.54545
12 4.66667 1.63636
12 4.33333 1.54545
12 4 1.45455
12 4.66667 1.72727
12 3.83333 1.36364
12 4.16667 1.63636
12 3.83333 1.36364
12 4.16667 1.45455
12 4 1.45455
12 3.83333 1.54545
12 4.5 2.18182
12 5.16667 2.18182
12 4 1.54545
12 3.83333 1.27273
12 4.83333 1.81818
12 4.33333 1.45455
12 4.5 2.27273
12 3.83333 1.27273
12 5.16667 1.90909
12 4.5 1.54545
12 4.16667 1.72727
12 4.16667 1.63636
12 5.16667 1.90909
12 4.5 2
12 4.33333 1.90909
12 4.33333 1.54545
12 4.5 1.72727
12 4.16667 1.45455
12 5 2.09091
12 4.5 1.81818
12 4.33333 2.45455
12 6 3.90909
12 4.66667 1.81818
12 4.33333 1.54545
12 4.16667 1.36364
12 4.16667 1.54545
12 5 2.09091
12 4.5 1.72727
12 4.5 1.81818
12 4 2
12 4.33333 1.54545
12 4.33333 1.45455
12 4.16667 1.63636
12 5.5 2.45455
12 4 1.27273
12 4.66667 2.18182
12 4.16667 1.63636
12 5 1.90909
12 4.16667 2
12 4.66667 1.63636
12 5 1.81818
12 4.33333 1.54545
12 3.83333 1.36364
12 4 1.54545
12 5 2.36364
12 4.66667 1.63636
12 4.16667 1.54545
12 4 1.72727
12 4.16667 2.09091
12 3.83333 1.63636
12 4.66667 1.81818
12 4.66667 1.63636
12 4.16667 1.63636
12 4.16667 1.90909
12 5.33333 2.18182
12 4.33333 1.54545
12 4 1.45455
12 3.66667 1.45455
12 4.66667 1.81818
12 4.16667 1.45455
12 4.33333 1.90909
12 5.66667 2.18182
12 5 2.54545
12 4.5 1.90909
12 4.66667 2.09091
12 5.16667 2
12 4.66667 1.90909
12 4.66667 1.81818
12 5.33333 2.54545
12 3.83333 1.36364
12 4.66667 2
12 4.5 1.63636
12 3.83333 1.18182
12 4.16667 1.54545
12 4.16667 1.54545
12 5.16667 2.63636
12 4.33333 1.63636
13 4 1.66667
13 4.30769 1.58333
13 4.61538 1.66667
13 4.46154 1.75
13 4.15385 1.75
13 5.23077 2.16667
13 4.61538 1.75
13 4.30769 2.16667
13 4.15385 1.75
13 5.07692 2.08333
13 4.15385 1.33333
13 4.30769 1.5
13 4.46154 1.91667
13 4.92308 2
13 3.84615 1.25
13 4.61538 1.91667
13 4.61538 2
13 4.30769 1.91667
13 4.46154 1.83333
13 4.30769 2.08333
13 3.84615 1.33333
13 4.30769 1.58333
13 4.15385 1.83333
13 4.15385 1.33333
13 4.46154 2
13 4.46154 1.91667
13 4 1.41667
13 4.30769 1.58333
13 4 1.91667
13 4 1.5
13 4.76923 1.91667
13 4.61538 1.83333
13 4 1.75
13 4 1.5
13 6 3
13 4.15385 1.66667
13 3.84615 1.33333
13 4.61538 1.58333
13 4.30769 1.83333
13 4.30769 1.75
13 4.30769 1.66667
13 4.61538 1.58333
13 4.46154 1.75
13 4.15385 1.66667
13 4.30769 2
13 4.15385 1.5
13 4.92308 1.75
13 4.30769 1.91667
13 4 1.33333
13 4.15385 1.5
13 4.30769 1.5
13 4.30769 1.66667
13 3.84615 1.25
13 4.30769 1.5
13 4 1.5
13 4.30769 1.83333
13 4.46154 1.5
13 5.53846 2.58333
13 4.46154 1.58333
13 4 1.58333
13 5.53846 2.41667
13 4.46154 1.5
13 4.76923 2.41667
13 4.46154 1.83333
13 4.15385 1.33333
13 4.76923 1.83333
13 4 1.25
13 4.15385 1.66667
13 4.15385 1.66667
13 4.61538 2.08333
13 4.46154 1.83333
13 4.30769 1.41667
13 4.61538 2.08333
13 4.61538 3.08333
13 4.61538 1.91667
13 4 1.66667
13 4.61538 2.66667
13 4.61538 1.66667
13 4.15385 1.66667
13 4.46154 1.75
13 4.15385 1.5
13 4.46154 1.66667
13 3.84615 1.33333
13 4.61538 1.75
13 3.84615 1.16667
13 3.69231 1.66667
13 4 1.58333
13 4.61538 1.91667
13 5.07692 2.16667
13 6 2.58333
13 5.07692 2.83333
13 4.76923 1.75
13 4.15385 1.5
13 4.15385 1.5
13 4.30769 1.83333
13 6.30769 2.91667
13 6 2.83333
13 4 1.25
13 4.46154 2.41667
13 6 2.33333
13 5.07692 2.16667
13 4.30769 1.5
13 4.76923 2
13 4 1.58333
13 3.84615 1.16667
13 4.61538 2.16667
13 4.46154 1.75
13 4.92308 2.41667
13 4.15385 2.33333
13 5.23077 3
13 3.84615 1.83333
13 4.46154 1.75
13 4.61538 2.08333
13 4.15385 1.41667
13 4.15385 1.5
13 4.61538 2.41667
13 5.23077 2.41667
13 4.61538 2.08333
13 4.15385 1.58333
13 4.30769 1.41667
13 4 1.58333
13 4.61538 1.66667
13 4.76923 1.66667
13 4.30769 1.66667
13 4.30769 2.25
13 4 1.5
13 3.84615 1.5
13 4.30769 1.5
13 4.46154 2
13 4 1.58333
13 4.15385 1.5
13 4.30769 1.58333
13 4 1.5
13 4.30769 2.08333
13 4.92308 2.58333
13 4.30769 1.66667
13 5.69231 4
13 4.15385 1.5
13 4.30769 1.41667
13 3.84615 1.41667
13 5.07692 1.83333
13 4.76923 2.41667
13 4.92308 1.75
13 4 1.66667
13 4.15385 1.83333
13 4.15385 1.33333
13 4 1.66667
13 4.30769 2
13 4.15385 1.83333
13 4.30769 1.91667
13 4.61538 1.91667
13 4 2.41667
13 3.69231 1.66667
13 3.84615 1.16667
13 4.61538 1.75
13 4.30769 1.83333
13 4.15385 1.83333
13 6 2.83333
13 4.61538 1.66667
13 4.30769 2
13 4 1.75
13 3.69231 1.08333
13 3.84615 1.16667
13 6.15385 3.08333
13 4.46154 2.08333
13 5.07692 2.58333
13 4.15385 1.41667
13 4.30769 1.91667
13 4 1.5
13 4.92308 2.75
13 4.61538 2.08333
14 4.42857 1.76923
14 5.28571 2.30769
14 4.57143 2.07692
14 4.28571 2.15385
14 4.28571 1.38462
14 4.14286 1.46154
14 4.71429 1.92308
14 4.14286 1.69231
14 4.42857 1.76923
14 4.14286 1.46154
14 4.14286 1.46154
14 5 2.46154
14 4.42857 1.61538
14 4.28571 1.38462
14 4 1.46154
14 3.85714 1.23077
14 5.14286 2
14 4 1.38462
14 4.57143 2
14 4.85714 1.84615
14 4.14286 1.53846
14 4.71429 1.69231
14 4 1.84615
14 5.14286 2.84615
14 4.85714 2
14 5 1.92308
14 4.57143 1.84615
14 4.71429 1.69231
14 4.42857 1.53846
14 4.42857 1.84615
14 4.42857 1.46154
14 4.85714 2.07692
14 4.57143 1.53846
14 4.71429 3.30769
14 4.42857 1.69231
14 4.28571 1.92308
14 4.71429 2.15385
14 5 2.15385
14 4.28571 1.53846
14 4.14286 1.69231
14 5.28571 2.23077
14 4.28571 1.84615
14 4.71429 2
14 4.71429 1.61538
14 5.14286 1.92308
14 4.71429 2.07692
14 6 2.76923
14 4.28571 2.07692
14 4.28571 2
14 4.28571 1.84615
14 4.42857 1.46154
14 4 1.30769
14 4 1.46154
14 3.85714 1.76923
14 4.42857 1.53846
14 4.28571 1.76923
14 4.14286 1.30769
14 4.28571 1.76923
14 5.28571 1.92308
14 4.28571 1.92308
14 4 1.61538
14 4.28571 2
14 6.71429 3.15385
14 4.42857 1.76923
14 6.42857 2.92308
14 4.14286 1.46154
14 4.14286 1.53846
14 4.14286 1.53846
14 4.57143 1.84615
14 4.14286 1.38462
14 4.28571 1.84615
14 4.28571 1.61538
14 4.71429 2.23077
14 4.42857 1.46154
14 4.28571 1.53846
14 4.57143 2.15385
14 4.57143 1.69231
14 4.85714 2.15385
14 4.71429 2
14 4.57143 1.76923
14 5 2.23077
14 5.28571 2.69231
14 4.14286 1.53846
14 4.85714 2.23077
14 4.57143 2.07692
14 4.14286 1.46154
14 4 1.84615
14 5.85714 2.69231
14 4.57143 1.76923
14 4.57143 1.76923
14 5.42857 2.53846
14 4.71429 2
14 4 1.92308
14 4 1.53846
14 4.85714 2.15385
14 4.42857 1.92308
14 4.14286 1.46154
14 4.14286 1.53846
14 4.14286 1.30769
14 5.28571 2.38462
14 4.57143 2.30769
14 4 1.53846
14 4.42857 1.84615
14 4.57143 1.84615
14 5 2.07692
14 6.71429 3.23077
14 4.57143 1.76923
14 5 2.76923
14 4.57143 1.61538
14 4.42857 1.46154
14 4.57143 1.53846
14 5.28571 2.23077
14 4 1.30769
14 4 1.38462
14 4.42857 1.46154
14 4 1.76923
14 4.71429 2.38462
14 4.14286 1.61538
14 4.85714 1.92308
14 4.85714 2
14 4.42857 1.69231
14 4.42857 1.76923
14 4.57143 1.69231
14 4.71429 1.92308
14 4.57143 1.84615
14 4.28571 1.61538
14 5.14286 2
14 5 1.84615
14 4.85714 3.23077
14 4 1.61538
14 4 2.15385
14 4.28571 2
14 4.85714 2.23077
14 5.28571 2.15385
14 4.28571 2.15385
14 4.14286 2
14 4.57143 1.84615
14 4.14286 1.61538
14 4.85714 2
14 11.4286 6.07692
14 4.57143 1.92308
14 6 2.46154
14 4.42857 2
14 4.42857 2.38462
14 4.28571 1.92308
14 3.71429 1.53846
14 4.14286 1.53846
14 4.14286 1.61538
14 5.28571 2.69231
14 4.85714 1.92308
14 4.28571 1.84615
14 4.42857 2.15385
14 4.14286 1.61538
14 5.14286 2.69231
14 4.57143 1.76923
14 4 1.30769
14 5.28571 2.92308
14 3.85714 1.92308
14 4.57143 2
14 4.42857 2
14 4.42857 1.69231
14 4.28571 2.23077
14 4.14286 1.46154
14 4.14286 1.76923
14 4.57143 1.76923
15 4.26667 1.71429
15 4.53333 3.07143
15 5.2 1.92857
15 4.26667 1.85714
15 4.93333 2.14286
15 3.86667 1.28571
15 5.86667 3.21429
15 4.66667 2.07143
15 4.4 3.14286
15 5.33333 2.28571
15 4.13333 2
15 4.26667 1.57143
15 4.53333 1.85714
15 4.53333 1.57143
15 4.26667 1.64286
15 4.53333 2.07143
15 4.26667 1.57143
15 4.13333 2
15 5.2 2.07143
15 4.26667 1.71429
15 4.4 1.78571
15 5.6 2.07143
15 4.8 2.92857
15 4.8 1.78571
15 4.13333 1.57143
15 4.4 1.64286
15 5.6 2.07143
15 4.93333 2.14286
15 4.66667 2.14286
15 4.4 2
15 4.4 2
15 3.86667 1.71429
15 4.13333 1.64286
15 4.8 1.78571
15 4.66667 1.64286
15 4 1.42857
15 4.4 1.5
15 4.4 2
15 6.53333 2.78571
15 4.53333 2.14286
15 4.4 1.64286
15 5.2 2.64286
15 4.93333 2.07143
15 4.53333 1.57143
15 5.06667 1.78571
15 4.4 1.5
15 5.33333 2.21429
15 4.93333 2.28571
15 4.53333 2.64286
15 4.93333 1.92857
15 4.53333 1.71429
15 4.13333 1.57143
15 4.8 1.78571
15 4.13333 2.21429
15 4.13333 1.64286
15 5.2 2
15 4.93333 1.71429
15 4.26667 1.5
15 4.13333 1.28571
15 7.73333 3.35714
15 4.8 1.85714
15 4.8 1.92857
15 4.53333 1.85714
15 4.53333 2.14286
15 4.66667 1.57143
15 4.13333 1.57143
15 4.66667 2.14286
15 5.06667 2.21429
15 4.93333 1.78571
15 5.2 1.92857
15 4.8 1.85714
15 4.8 2.14286
15 4.8 2
15 4.66667 2.5
15 5.33333 2.21429
15 4.26667 1.64286
15 5.86667 2.21429
15 4.8 2.5
15 4.53333 2.5
15 3.73333 1.64286
15 4.4 2.07143
15 4.8 1.71429
15 4.53333 2.21429
15 4.66667 1.71429
15 4.53333 2.71429
15 4.26667 1.64286
15 4.13333 1.57143
15 4.53333 1.78571
15 4.8 2.14286
15 4.13333 1.35714
15 4.4 1.92857
15 4.26667 1.85714
15 4.13333 1.57143
15 4.66667 1.78571
15 4.13333 1.28571
15 4.53333 2.57143
15 4.4 1.71429
15 5.46667 2.14286
15 4.4 1.64286
15 4.66667 1.78571
15 4.8 1.85714
15 4.66667 2.28571
15 4.26667 2.07143
15 4.13333 1.64286
15 4.26667 1.64286
15 4.13333 1.5
15 5.73333 2.78571
15 4.26667 1.78571
15 4.93333 1.85714
15 4.26667 1.92857
15 4.13333 1.64286
15 4.53333 1.5
15 4.26667 1.85714
15 4.66667 1.57143
15 4.13333 2
15 4.26667 1.64286
15 4.93333 2.14286
15 4.26667 1.35714
15 4.4 2.07143
15 4.66667 2.07143
15 4.53333 2.14286
15 4.4 2
15 4.4 1.92857
15 5.2 3.28571
15 4.93333 2
15 4.53333 1.71429
15 4 1.5
15 5.2 1.92857
15 5.06667 2.21429
15 4.4 1.42857
15 4.66667 1.57143
15 5.2 1.85714
15 4.66667 1.92857
15 4.13333 1.64286
15 4.13333 1.78571
15 4.26667 2
15 4.4 1.57143
16 5 2.33333
16 4.875 2.2
16 4.25 1.6
16 5.125 2.46667
16 4.25 1.6
16 4.625 1.6
16 4.875 1.93333
16 4.375 2.06667
16 4.125 1.26667
16 5.375 2.2
16 4.375 1.53333
16 4.25 1.6
16 5 2.66667
16 4.75 1.66667
16 4.75 1.93333
16 6.125 2.6
16 3.875 1.2
16 4.875 2.46667
16 5.875 2.46667
16 4.875 2.6
16 5.75 2.4
16 4.375 1.8
16 5.375 2.2
16 4.125 1.4
16 5 2.2
16 4.25 2.13333
16 4.75 2.06667
16 4.5 1.93333
16 5.125 2.2
16 4.75 2.53333
16 4.25 1.86667
16 4.625 1.73333
16 4.75 2.33333
16 5.625 2.26667
16 4.375 1.66667
16 4.75 1.86667
16 4.125 1.93333
16 4.375 1.6
16 4.375 1.6
16 4.625 1.73333
16 5.125 2
16 4.25 1.33333
16 4.375 1.66667
16 4.375 1.6
16 4.375 2
16 4 1.2
16 4.625 2.53333
16 4.75 2.2
16 4.75 2
16 4 1.46667
16 5.125 2.06667
16 4.875 2.4
16 5.5 3.2
16 4.875 1.73333
16 4.25 1.53333
16 4 1.66667
16 4.125 1.53333
16 4.125 1.73333
16 4.25 1.53333
16 4.25 1.73333
16 4.625 1.6
16 5.75 2.46667
16 5.625 2.46667
16 6 4.06667
16 4.375 1.6
16 4.5 1.93333
16 5.75 2.4
16 5.75 2.73333
16 5 3.06667
16 4.625 1.86667
16 6.375 3.53333
16 4.5 2.33333
16 3.875 1.66667
16 4.5 1.66667
16 4.5 1.46667
16 5.125 1.86667
16 4.375 1.93333
16 4.25 1.4
16 4.625 1.93333
16 4.75 1.86667
16 4.25 1.6
16 5.25 2.66667
16 4.25 1.4
16 4.25 1.93333
16 4.625 1.8
16 4.5 1.6
16 5.25 1.86667
16 4.625 2.26667
16 4.75 1.86667
16 4.25 1.46667
16 4.375 1.86667
16 4.25 1.46667
16 4.5 1.73333
16 4.75 1.93333
16 4.75 2.06667
16 4.25 2.06667
16 4.25 1.66667
16 4.375 1.6
16 4.625 1.73333
16 4.625 1.8
16 5.5 2.2
16 5.375 2.73333
16 4.375 1.8
16 4.5 2
16 4.25 1.46667
16 4.375 1.86667
16 4.375 1.66667
16 4.625 1.86667
16 4.25 2.2
16 4.75 1.86667
16 4.75 2
16 4.5 1.6
16 4 1.8
16 4.25 1.53333
16 4.125 1.73333
16 4.375 1.6
16 4.25 1.8
16 5.5 2.33333
16 5.875 2.26667
16 8.25 3.86667
16 4.375 2.13333
16 5.125 2.53333
16 4.5 1.73333
16 4.875 2.46667
16 4.375 2
16 4.625 1.86667
16 4.375 2.26667
16 4.125 1.53333
16 4.125 1.6
16 4.875 2
16 4.75 2
16 4.875 2.06667
16 4.5 1.93333
16 4.125 1.4
16 4.25 1.46667
16 4.125 1.33333
16 4.375 1.66667
16 3.875 1.66667
16 4.5 1.6
16 4.5 2.26667
16 4 1.46667
16 6.375 3.13333
17 4.23529 1.8125
17 4.70588 2.125
17 4.82353 1.9375
17 6.23529 3.5
17 4.58824 1.9375
17 4.35294 1.625
17 4.58824 1.875
17 4.35294 1.4375
17 4.94118 3.375
17 4.82353 1.875
17 4.23529 1.5
17 4.23529 1.8125
17 4.58824 2.125
17 4.94118 1.875
17 5.41176 2.1875
17 4.47059 1.5625
17 4.70588 1.875
17 5.17647 2.3125
17 4.35294 1.5625
17 5.17647 1.9375
17 4.94118 2.25
17 4.58824 1.5625
17 5.64706 2.4375
17 4.58824 2
17 4.35294 2.3125
17 5.17647 2.25
17 4.82353 2
17 5.52941 2.0625
17 4.82353 2.8125
17 5.17647 2.0625
17 5.05882 2.125
17 4.47059 2.0625
17 4.47059 1.6875
17 4.82353 1.75
17 5.64706 3
17 5.05882 2.375
17 4 1.375
17 4.58824 2
17 4.82353 2
17 4.23529 1.8125
17 4 1.5
17 4.58824 2.3125
17 5.29412 3.375
17 4.35294 1.5
17 4.23529 2.25
17 4.70588 1.625
17 4.47059 1.875
17 4.58824 2.125
17 4.47059 1.6875
17 4.35294 2.1875
17 4.35294 1.75
17 4.58824 1.5625
17 5.88235 2.5625
17 4.82353 1.625
17 6 2.375
17 4.94118 2.1875
17 4.47059 1.6875
17 4.47059 1.625
17 5.76471 2.625
17 4.58824 2.25
17 5.05882 2.3125
17 4.94118 2.0625
17 4.47059 2.25
17 4.58824 2.125
17 5.17647 2.625
17 4.70588 1.5625
17 6 2.625
17 4.70588 1.875
17 3.88235 1.375
17 6.23529 2.4375
17 4.58824 2.1875
17 5.05882 2.25
17 5.17647 2
17 6.11765 2.8125
17 4.58824 1.6875
17 4.35294 1.625
17 5.41176 2.375
17 4.58824 1.875
17 4.23529 1.375
17 4.58824 1.75
17 4.23529 1.6875
17 5.52941 2.3125
17 6.35294 2.8125
17 5.64706 2.9375
17 4.23529 1.625
17 4.47059 1.75
17 4 1.4375
17 4.70588 1.5625
17 4 1.75
17 4.23529 1.75
17 5.17647 2.625
17 5.88235 2.625
17 5.17647 3.5625
17 4.47059 1.8125
17 4.47059 1.5
17 4.82353 2.125
17 5.29412 2.5
17 5.05882 2.4375
17 4.82353 2.1875
17 5.52941 2.125
17 4.35294 1.75
17 5.05882 2.125
17 4.23529 1.5
17 6 2.75
17 4.23529 2
17 4.23529 1.6875
17 4.58824 2.3125
17 4.70588 1.625
17 5.05882 2.4375
17 4.23529 1.5
17 4.47059 1.5625
17 4.58824 1.9375
17 4.82353 2.3125
17 4.35294 1.5625
17 5.17647 2.4375
17 4.94118 2.25
17 4.58824 1.9375
17 4.47059 1.6875
17 4.35294 1.375
17 4.35294 2
17 4.58824 3
17 5.88235 2.8125
17 5.29412 1.875
17 4.58824 2.5
17 4 1.3125
18 4.11111 1.35294
18 4.55556 2
18 4.33333 1.58824
18 4.88889 2.23529
18 5.44444 2.58824
18 4.55556 1.64706
18 4.33333 1.58824
18 5.11111 2.52941
18 5.33333 2.05882
18 4.44444 1.64706
18 5.77778 2.82353
18 5 2.23529
18 4.44444 1.88235
18 5 1.94118
18 4.55556 2.76471
18 4.44444 1.76471
18 4.55556 2.05882
18 6.66667 3.47059
18 4.77778 3.05882
18 4.33333 1.58824
18 4.33333 1.64706
18 4.55556 2.11765
18 4.22222 1.64706
18 5.11111 2.52941
18 6.33333 2.64706
18 4.33333 1.82353
18 4 2.17647
18 4.77778 1.76471
18 4.77778 3.52941
18 4.77778 1.82353
18 4.77778 1.64706
18 4.55556 3
18 4.55556 2.11765
18 5.44444 2.17647
18 4.66667 2.41176
18 4.55556 2.29412
18 5.11111 1.88235
18 4.66667 2.11765
18 5.66667 2.70588
18 5.66667 2.29412
18 4.22222 2
18 4.44444 1.88235
18 4.44444 1.76471
18 4.44444 1.88235
18 5 2.05882
18 5.44444 2.05882
18 6.77778 3.29412
18 7 3.11765
18 4.33333 1.58824
18 4.11111 2.11765
18 4.11111 1.29412
18 5.33333 2.29412
18 4.88889 1.70588
18 4.55556 1.76471
18 4.77778 2.58824
18 4.44444 2.05882
18 4.88889 1.76471
18 4.77778 1.70588
18 4.33333 1.88235
18 5.55556 4
18 4.55556 2.88235
18 4.55556 1.82353
18 6.44444 4.70588
18 5.11111 1.82353
18 4.55556 1.70588
18 3.88889 1.52941
18 4.33333 2.23529
18 5 2
18 5.33333 2.11765
18 4.77778 1.88235
18 4.55556 1.70588
18 4.77778 2.11765
18 4.44444 1.52941
18 4.11111 1.47059
18 4.66667 2.41176
18 4.33333 1.76471
18 4.55556 1.76471
18 5.11111 2.35294
18 4.66667 2.05882
18 4.55556 2.29412
18 4.33333 2.17647
18 4.77778 1.64706
18 4.44444 1.64706
18 5.11111 2.88235
18 4.88889 2.29412
18 4.44444 2.23529
18 4.33333 1.94118
18 4.55556 1.64706
18 4.22222 1.35294
18 5 1.94118
18 4.66667 2.41176
18 5.11111 2.35294
18 4.33333 2.11765
18 5.55556 2.76471
18 4.77778 1.70588
18 4.44444 1.88235
18 5 2.64706
18 4.77778 2.17647
18 5.44444 2.64706
18 4.66667 2.64706
18 4.55556 2.11765
18 5.11111 2.05882
18 4.55556 1.47059
18 4.55556 2
18 4.33333 1.58824
18 4.88889 2.47059
18 4.77778 2.47059
18 4.77778 1.70588
18 5 1.82353
18 4.66667 1.94118
18 4.66667 2.29412
18 5.66667 3.82353
18 4.44444 1.94118
18 4.55556 1.70588
18 4.66667 2.05882
18 4.66667 1.94118
18 4.44444 1.58824
18 4.66667 1.52941
19 4.31579 1.88889
19 4.63158 2.05556
19 4.31579 1.77778
19 4.94737 2.16667
19 4.21053 1.83333
19 4.63158 1.88889
19 4.73684 1.83333
19 4.94737 2.66667
19 4.52632 2.05556
19 5.15789 2.22222
19 4.63158 1.66667
19 5.47368 2.44444
19 5.15789 2.55556
19 4.84211 1.83333
19 4.52632 1.66667
19 5.36842 2
19 5.05263 2.38889
19 4.63158 1.77778
19 5.05263 2.33333
19 5.05263 1.94444
19 4.52632 1.83333
19 4.94737 2.72222
19 5.26316 2.44444
19 4.84211 1.88889
19 4.52632 1.77778
19 4.94737 2.83333
19 4.63158 2.61111
19 4.63158 1.66667
19 4.21053 1.44444
19 5.26316 2.61111
19 4.31579 1.5
19 4.42105 1.83333
19 5.15789 2.66667
19 4.63158 2
19 4.31579 1.61111
19 4.31579 1.94444
19 4.94737 2.33333
19 4.52632 1.55556
19 4.73684 2.33333
19 4.21053 1.77778
19 4.21053 1.44444
19 4.52632 2.05556
19 4.42105 1.66667
19 4.73684 1.61111
19 5.15789 2.27778
19 4.63158 2.22222
19 4.52632 1.83333
19 5.78947 2.44444
19 4.84211 1.83333
19 4.42105 1.83333
19 5.36842 2.55556
19 4.31579 1.83333
19 4.84211 1.72222
19 4.94737 2.05556
19 4.73684 1.61111
19 4.31579 1.66667
19 5.15789 3.27778
19 4.52632 1.72222
19 4.31579 2
19 4.42105 1.88889
19 4.52632 1.77778
19 4.63158 2.27778
19 4.63158 1.77778
19 4.94737 1.88889
19 4.94737 1.94444
19 4.52632 1.88889
19 4.31579 1.77778
19 5.15789 2.55556
19 6.10526 4.16667
19 4.52632 1.61111
19 4.21053 1.83333
19 4.52632 2.27778
19 4.52632 2.27778
19 6.31579 3
19 6.10526 3.5
19 5.05263 2.72222
19 4.73684 1.77778
19 5.15789 3.44444
19 5.15789 2.72222
19 4.31579 1.72222
19 4.52632 2.27778
19 4.10526 2.05556
19 4.52632 1.55556
19 4.52632 1.5
19 4.94737 1.88889
19 4.94737 1.94444
19 5.15789 2.22222
19 6 3.38889
19 4.31579 2.05556
19 4.73684 1.94444
19 4.42105 1.88889
19 4.73684 1.94444
19 5.05263 2.11111
19 4.21053 2.44444
19 4.73684 1.77778
19 4.31579 1.66667
19 4.31579 1.94444
19 4.52632 1.5
19 4.52632 2
19 4.52632 2.11111
19 4.94737 2.05556
19 4.63158 2.33333
20 5.1 2.68421
20 5.4 2.36842
20 4.6 1.73684
20 4.8 2.57895
20 5 1.89474
20 5.3 2.36842
20 4.6 2.15789
20 4.6 2.47368
20 4.5 1.78947
20 4.8 1.84211
20 4.6 2.10526
20 4.8 1.73684
20 4.9 2.31579
20 4.8 2.26316
20 4.4 1.63158
20 5.7 2.94737
20 4.9 1.94737
20 4.9 2.52632
20 4.9 2.31579
20 4.5 1.78947
20 5.6 2.68421
20 4.4 1.84211
20 4.3 1.78947
20 4.6 1.78947
20 5.6 2.36842
20 4.9 2.26316
20 4.9 1.89474
20 4.3 2
20 4.8 2.05263
20 4.9 2.15789
20 4.3 1.78947
20 4.7 1.63158
20 5 2.63158
20 6.1 3.52632
20 4.3 1.31579
20 6 2.78947
20 4.4 1.68421
20 5 3
20 5.4 2.52632
20 5 2.52632
20 4.2 1.52632
20 4.4 2
20 4.9 2
20 4.8 1.84211
20 4.5 2.31579
20 4.5 1.68421
20 4.8 2.52632
20 4.9 1.94737
20 5.7 2.68421
20 6.7 3.57895
20 4.9 1.73684
20 5.4 2.21053
20 5.2 2.42105
20 5 1.89474
20 5.2 2.31579
20 4.3 1.52632
20 6 2.21053
20 4.5 1.73684
20 5 1.94737
20 4.2 1.84211
20 4.4 2.36842
20 4.7 3
20 4.7 1.78947
20 4.5 1.57895
20 4.8 1.94737
20 4.4 1.84211
20 4.6 2.36842
20 4.5 2.10526
20 5.7 2.57895
20 4.6 2.10526
20 5.1 2.47368
20 5.6 2.36842
20 5 2.10526
20 4.5 1.63158
20 4.4 1.68421
20 4.6 2.10526
20 4.4 1.57895
20 5 1.94737
20 5 2.52632
20 5.2 2.15789
20 5.1 1.94737
20 4.4 1.42105
20 4.7 2.94737
20 4.2 2
20 5.7 3.05263
20 4.3 1.42105
20 4.7 2.47368
20 4.9 1.89474
20 4.2 1.73684
20 5 2.10526
20 4.5 1.94737
20 5 2.36842
20 5.6 2
20 5.1 1.84211
20 4.7 1.94737
20 5.5 2
20 4.6 2.05263
20 4.7 1.63158
20 4.2 2
20 5 1.78947
20 4.5 1.57895
20 4.6 2.10526
20 4.9 2.15789
20 4.5 2.26316
20 4.6 2.36842
20 4.5 1.57895
20 4.4 1.84211
20 5 2.52632
20 4.7 2.10526
20 6.1 3.15789
20 4.8 3.05263
20 4.6 2.78947
20 5.2 2.31579
20 4.7 2.10526
20 4.3 1.84211
20 4.2 1.89474
20 5.4 2.63158
20 4.8 2.05263
20 5.1 3.63158
20 4.3 2.42105
20 4.3 1.47368
20 4.8 2
21 4.66667 2.3
21 4.38095 1.7
21 4.66667 1.9
21 4.28571 1.7
21 4.57143 1.75
21 6.95238 3.4
21 4.38095 1.7
21 4.38095 2
21 6.57143 3.05
21 5.33333 1.95
21 5.61905 2.75
21 5.71429 3.1
21 5.04762 2.6
21 5.61905 3.3
21 4.47619 2.1
21 5.04762 2.05
21 5.14286 1.95
21 4.57143 1.65
21 5.61905 2.6
21 4.19048 2
21 6 2.6
21 4.47619 2.5
21 6.09524 2.65
21 4.7619 2.2
21 4.66667 1.85
21 4.95238 2.1
21 6.19048 2.75
21 5.42857 2.75
21 4.95238 2.85
21 4.7619 2.1
21 4.85714 2.05
21 4.66667 1.7
21 5.61905 2.5
21 4.19048 1.5
21 5.2381 2.65
21 4.85714 2.25
21 5.04762 1.85
21 4.7619 1.95
21 4.38095 1.7
21 5.2381 2.3
21 4.28571 1.7
21 5.04762 2.05
21 5.04762 2.1
21 5.71429 3.3
21 4.57143 1.85
21 4.85714 2.2
21 5.04762 2.5
21 5.42857 3.1
21 5.2381 2.25
21 4.66667 2.1
21 4.19048 1.8
21 4.57143 1.6
21 4.38095 1.8
21 4.66667 2.4
21 4.38095 1.65
21 4.7619 1.95
21 5.80952 3
21 5.04762 1.9
21 5.71429 2.95
21 4.95238 2.1
21 4.66667 2.3
21 4.57143 2
21 4.95238 2.6
21 4.66667 2.2
21 4.57143 1.9
21 4.7619 2.65
21 4.28571 1.4
21 4.57143 2
21 4.47619 1.9
21 4.85714 1.7
21 5.04762 2.15
21 4.38095 1.85
21 4.95238 2.2
21 4.28571 1.75
21 4.85714 1.95
21 5.14286 2.35
21 5.2381 2.2
21 4.57143 2.1
21 4.38095 2.1
21 4.66667 2.35
21 5.80952 2.8
21 4.66667 1.6
21 4.7619 1.85
21 4.66667 2.1
21 5.52381 2.4
21 4.66667 1.75
21 4.47619 1.85
21 4.95238 2.25
21 6 2.4
21 6.38095 3
21 4.85714 2.55
21 4.7619 2.55
21 4.57143 1.55
21 5.04762 2.15
21 4.95238 2.05
21 4.7619 1.75
21 4.28571 1.55
21 4.66667 2.45
21 5.04762 1.8
21 5.14286 2.9
21 4.66667 2
21 4.85714 2.1
21 5.52381 2.6
21 4.95238 2.1
21 4.57143 1.65
21 4.95238 3.2
21 5.14286 2.4
21 4.85714 2.15
21 5.04762 2.35
21 6.85714 3.75
21 4.57143 1.8
22 5 2.47619
22 4.45455 2.04762
22 4.72727 1.80952
22 4.36364 1.66667
22 5.27273 3.38095
22 4.63636 1.7619
22 4.81818 2.09524
22 5.27273 2
22 4.36364 1.61905
22 7.36364 3.09524
22 4.45455 2.52381
22 5.09091 1.80952
22 5.54545 2.47619
22 4.54545 1.85714
22 4.72727 2.61905
22 5.90909 3.28571
22 5.54545 3
22 5.54545 2.52381
22 4.36364 1.61905
22 5.54545 4.71429
22 5.09091 2.71429
22 4.63636 2.09524
22 6.27273 2.66667
22 5.36364 2.47619
22 4.54545 1.57143
22 9.90909 6.42857
22 4.90909 2.95238
22 5.90909 3.7619
22 4.72727 1.80952
22 4.54545 1.85714
22 4.63636 1.61905
22 4.45455 1.95238
22 4.90909 2.71429
22 4.72727 1.85714
22 4.27273 1.47619
22 4.45455 1.71429
22 4.72727 2.14286
22 4.90909 2.71429
22 4.36364 1.90476
22 5.09091 1.95238
22 4.36364 2.61905
22 4.81818 1.61905
22 4.54545 1.71429
22 5.18182 1.95238
22 4.63636 1.90476
22 4.63636 1.7619
22 4.90909 1.95238
22 6 3.28571
22 4.72727 1.90476
22 4.81818 1.85714
22 5.27273 4
22 5.81818 2.66667
22 4.54545 1.80952
22 4.63636 1.85714
22 5.36364 2.04762
22 4 1.38095
22 6.09091 4.04762
22 5 1.85714
22 4.54545 1.61905
22 4.90909 2
22 4.90909 2.66667
22 4.54545 2.19048
22 4.54545 1.95238
22 5.09091 2.33333
22 4.90909 2.52381
22 4.72727 1.57143
22 4.63636 2
22 4.54545 1.61905
22 4.72727 2.14286
22 4.81818 3.42857
22 4.45455 1.71429
22 6.63636 4.71429
22 4.63636 2.19048
22 4.81818 1.85714
22 4.36364 1.61905
22 5.81818 3.14286
22 4.72727 1.90476
23 4.86957 1.81818
23 4.86957 2.36364
23 5.04348 2.45455
23 5.30435 2.18182
23 4.69565 1.68182
23 5.04348 2.36364
23 5.82609 3.36364
23 4.69565 1.59091
23 4.86957 2.18182
23 4.95652 2.40909
23 4.69565 1.81818
23 4.86957 2.40909
23 5.30435 2.95455
23 6.34783 2.63636
23 4.17391 1.40909
23 6.17391 2.86364
23 5.47826 2.18182
23 4.34783 1.86364
23 4.95652 2.18182
23 4.86957 2.27273
23 5.3913 1.90909
23 4.52174 1.77273
23 4.86957 1.81818
23 5.3913 2.77273
23 5.21739 2.54545
23 4.52174 1.59091
23 5.13043 2.18182
23 5.47826 2.36364
23 4.69565 1.54545
23 5.3913 3
23 4.34783 1.68182
23 5.21739 2.22727
23 4.86957 1.90909
23 6.26087 3.72727
23 5.04348 2.59091
23 5.04348 2.5
23 5.56522 3.72727
23 4.69565 1.81818
23 5.04348 2
23 4.69565 2.72727
23 5.04348 2.5
23 5.30435 2.72727
23 5.13043 2.86364
23 4.6087 2.63636
23 4.52174 2.09091
23 4.78261 2.36364
23 4.86957 2.18182
23 5.13043 2.27273
23 4.69565 1.90909
23 4.52174 1.63636
23 4.78261 1.77273
23 5.04348 2.27273
23 5.13043 2.22727
23 5.47826 2.45455
23 4.78261 2.36364
23 11.7391 6.27273
23 5.73913 3.18182
23 5.21739 2.45455
23 4.17391 1.68182
23 5.13043 1.86364
23 4.69565 1.86364
23 4.26087 1.45455
23 4.78261 1.77273
23 4.78261 2.40909
23 5.3913 2
23 5.21739 2.72727
23 4.6087 2
23 4.78261 2.13636
23 4.78261 2.04545
23 4.95652 1.90909
23 4.43478 1.81818
23 5.21739 2.68182
23 5.30435 2.04545
23 4.69565 2.31818
23 5.3913 2.54545
23 6 2.54545
23 5.21739 2.27273
23 4.43478 2
23 4.34783 1.90909
23 4.86957 2.31818
23 4.43478 1.5
23 5.04348 2.18182
23 4.86957 2.09091
23 4.95652 2.72727
23 4.6087 2.27273
23 4.86957 1.95455
23 4.69565 2.31818
23 4.78261 2.09091
24 5.41667 2.6087
24 4.66667 2
24 4.58333 1.86957
24 4.83333 2.78261
24 4.75 1.73913
24 4.75 1.65217
24 4.58333 2
24 4.83333 2.43478
24 4.83333 1.82609
24 4.25 1.6087
24 5.66667 3.30435
24 4.5 2.17391
24 4.91667 1.73913
24 5.25 1.86957
24 4.75 1.65217
24 4.83333 2.30435
24 5.16667 2.26087
24 6.5 3.21739
24 4.25 1.73913
24 5.75 2.65217
24 5.83333 2.73913
24 5.16667 2.04348
24 4.5 1.43478
24 5 3.08696
24 5 2.13043
24 4.33333 1.56522
24 4.75 2.17391
24 5.75 2.52174
24 5.66667 2.69565
24 5.58333 2.3913
24 5.41667 2.21739
24 4.58333 1.86957
24 5.16667 2.21739
24 4.58333 1.82609
24 4.33333 1.95652
24 4.83333 1.69565
24 4.83333 1.82609
24 5.08333 2.17391
24 4.83333 2.6087
24 4.33333 1.69565
24 4.5 2.17391
24 5.91667 2.21739
24 5.91667 3.47826
24 4.58333 2
24 5.16667 1.82609
24 4.58333 2.52174
24 4.83333 2.21739
24 5.41667 2.17391
24 5.16667 2.43478
24 5.5 2.56522
24 5.08333 2.6087
24 5 2.04348
24 4.75 1.95652
24 4.58333 1.73913
24 4.58333 1.65217
24 5.25 2.30435
24 4.5 2.13043
24 5.25 2.95652
24 4.41667 1.65217
24 4.75 1.91304
24 5.25 2.3913
24 5.41667 1.86957
24 4.75 1.82609
24 4.91667 2.65217
24 4.91667 2.08696
24 5.08333 3.13043
24 4.66667 2.17391
24 4.58333 3.34783
24 5.75 2.30435
24 4.91667 2.6087
24 5 3.3913
24 5.33333 2.82609
24 4.5 2.13043
24 4.83333 1.82609
24 5.66667 2.6087
24 5.58333 2.56522
24 4.75 1.69565
24 4.83333 2.73913
24 5.33333 2.04348
24 4.58333 1.78261
24 4.83333 1.95652
24 5.08333 1.91304
24 4.5 1.73913
24 5.91667 2.73913
25 4.72 1.91667
25 4.8 2
25 5.12 2.08333
25 4.64 1.875
25 5.44 2.875
25 4.56 1.875
25 4.8 2.125
25 4.56 1.70833
25 4.64 2.25
25 4.96 2.16667
25 5.2 2.25
25 5.2 2.58333
25 4.72 2.375
25 4.88 2.25
25 6.48 3.58333
25 5.6 2.91667
25 5.12 3.16667
25 4.88 2.375
25 5.28 3.5
25 5.2 3.5
25 5.44 3.70833
25 4.64 2.375
25 5.04 1.91667
25 5.76 3.04167
25 5.2 2.04167
25 6 3.04167
25 5.76 2.58333
25 4.72 1.95833
25 4.72 2.04167
25 4.64 2
25 4.88 2.66667
25 6 2.33333
25 4.56 2.20833
25 7.2 3.08333
25 5.04 2.125
25 4.72 1.79167
25 4.72 1.70833
25 4.8 1.875
25 5.36 2.45833
25 5.44 3.16667
25 5.68 2.29167
25 4.64 1.91667
25 4.88 2
25 4.72 2.29167
25 4.48 1.91667
25 5.68 2.16667
25 6.32 3.375
25 5.04 2.45833
25 5.36 2.25
25 5.28 2.75
25 5.12 2.20833
25 5.68 3.66667
25 5.28 4
25 4.88 2.29167
25 5.28 2.41667
25 5.2 2
25 4.88 2.08333
25 6.8 5.41667
25 4.72 2
25 5.36 2.58333
25 4.56 1.95833
25 5.36 3.375
25 4.96 2.25
25 4.4 2.16667
25 4.64 2.08333
25 5.12 2.375
25 4.64 1.875
25 4.48 2
25 5.04 1.95833
25 4.8 2
25 5.2 2.125
25 4.96 2.5
26 4.69231 2.04
26 4.46154 2.12
26 5.15385 2.28
26 6.38462 3.6
26 4.61538 2
26 4.84615 1.84
26 4.76923 1.84
26 5.23077 2.72
26 4.53846 1.84
26 4.92308 2.92
26 5.38462 2.6
26 4.76923 2.52
26 4.84615 2.08
26 5.07692 1.92
26 4.76923 1.88
26 4.84615 2.12
26 4.38462 1.4
26 4.92308 1.88
26 5.07692 2.92
26 4.61538 1.76
26 4.53846 1.76
26 5.07692 2.2
26 5.38462 2.16
26 4.30769 1.84
26 4.53846 1.48
26 4.76923 2.6
26 5.07692 2.08
26 4.53846 1.92
26 4.84615 1.88
26 5.38462 2.28
26 5.46154 2.28
26 5.38462 2.16
26 5.30769 2.08
26 5 2.52
26 6.61538 3.72
26 5.76923 3.36
26 5 1.8
26 5 1.76
26 4.53846 1.88
26 6.30769 2.4
26 6 3.56
26 4.46154 2.16
26 5.15385 2.28
26 5.15385 2.2
26 5.15385 2.96
26 5 2.32
26 5.38462 2.48
26 5.07692 2.24
26 4.46154 2.4
26 5 1.88
26 4.92308 1.64
26 4.53846 1.84
26 4.61538 2.68
26 7 5.12
26 5.38462 2.72
26 4.76923 2.04
26 4.61538 1.96
26 5 2.16
26 5 1.84
26 4.92308 2.4
26 4.76923 1.96
26 4.53846 1.88
26 5.30769 3.12
26 4.76923 1.68
26 4.84615 1.96
26 6.84615 3.6
26 4.61538 2.16
26 5.61538 2.36
26 5.53846 2.6
26 4.84615 1.88
26 5.07692 2.04
26 5.61538 2.6
26 4.69231 2.64
27 4.81481 1.76923
27 4.81481 2.23077
27 4.44444 1.69231
27 4.88889 2.15385
27 4.66667 1.65385
27 4.96296 2.57692
27 4.74074 2.34615
27 4.81481 2.42308
27 5.55556 2.5
27 4.81481 1.80769
27 5.92593 3.03846
27 4.59259 2.03846
27 5.03704 2
27 5.03704 2.30769
27 6.66667 2.73077
27 5.11111 3.57692
27 4.22222 1.96154
27 4.74074 2
27 5.48148 2.53846
27 5.33333 2.46154
27 4.74074 1.92308
27 5.55556 3.11538
27 4.2963 1.73077
27 4.96296 2.11538
27 5.11111 1.80769
27 5.03704 2.34615
27 4.88889 2.23077
27 4.74074 2.5
27 5.18519 2.15385
27 5.03704 2.34615
27 5.33333 2.61538
27 4.96296 2.26923
27 4.96296 1.96154
27 5.40741 2
27 4.96296 2.5
27 4.44444 1.76923
27 4.51852 1.73077
27 4.74074 1.76923
27 4.96296 2.15385
27 5.03704 4.38462
27 4.74074 1.61538
27 5.48148 2.38462
27 5.03704 2.23077
27 4.59259 1.88462
27 4.51852 2.03846
27 7.77778 4.46154
27 5.77778 3.76923
27 5.7037 2.96154
27 4.96296 2.42308
27 4.37037 1.96154
27 4.81481 1.69231
27 4.81481 1.88462
27 5.18519 3.03846
27 5.25926 1.88462
27 5.40741 2.65385
27 5.03704 1.92308
27 4.74074 2.07692
27 5.48148 2.53846
27 5.03704 2.80769
27 10.6667 5.69231
27 4.96296 2.26923
27 5.25926 2.76923
27 4.88889 1.88462
27 7.55556 4.76923
27 4.37037 1.65385
27 7.03704 3.5
27 4.81481 2.38462
27 5.18519 1.92308
27 4.44444 2.19231
27 5.11111 2.69231
27 4.66667 2.42308
27 5.40741 2.42308
28 4.78571 2.51852
28 4.92857 2.11111
28 5.85714 3.96296
28 5.21429 2.85185
28 5.14286 2.92593
28 5.42857 3.07407
28 4.92857 2.40741
28 5.14286 2.33333
28 4.5 1.85185
28 5.5 2.88889
28 4.71429 2.07407
28 4.5 2.2963
28 5.14286 2.59259
28 4.78571 2.25926
28 5.14286 4.62963
28 5.92857 2.33333
28 5.5 3.81481
28 5.28571 2.81481
28 4.92857 3.85185
28 4.92857 2.7037
28 5.35714 2.85185
28 4.92857 2.25926
28 4.57143 2.33333
28 4.71429 2.07407
28 4.92857 2.66667
28 4.57143 1.66667
28 4.35714 1.7037
28 5.85714 2.74074
28 4.35714 1.81481
28 4.92857 2.14815
28 5.07143 2.25926
28 5.35714 2.2963
28 5.07143 2.25926
28 5.78571 4.48148
28 5.5 2.33333
28 4.85714 2.48148
28 5 2.2963
28 4.78571 2.22222
28 4.57143 1.7037
28 4.92857 2.22222
28 5.21429 2.48148
28 4.78571 2.2963
28 5.21429 2.44444
28 4.71429 3.11111
28 4.92857 2.2963
28 4.64286 2.66667
28 5.07143 2.85185
28 4.64286 1.66667
28 5.07143 2.07407
28 4.85714 1.92593
28 5.64286 2.81481
28 4.78571 1.88889
28 6.07143 3.74074
28 5.57143 2.7037
28 4.5 2.48148
28 5.07143 3.44444
28 5.07143 2.74074
28 5.14286 2.18519
28 4.92857 1.92593
28 5 3.22222
28 5 2.88889
28 5.5 2.22222
28 4.71429 2.48148
28 4.85714 2.14815
28 5 1.88889
28 5.14286 2.07407
28 5.21429 2.2963
28 4.85714 2.33333
28 4.71429 1.92593
28 4.42857 1.62963
28 5.28571 2.2963
28 5.14286 2.62963
28 5 2.37037
29 7.03448 3.64286
29 5.17241 2.25
29 5.17241 2.21429
29 5.24138 2.96429
29 4.68966 2.03571
29 5.58621 2.89286
29 4.68966 2.32143
29 5.24138 2.64286
29 4.68966 2.39286
29 6.06897 4.60714
29 5.37931 2.07143
29 5.44828 2.17857
29 6.06897 3.25
29 6.34483 3.07143
29 4.48276 2
29 4.62069 1.82143
29 4.55172 2.25
29 4.68966 2.28571
29 5.10345 2.64286
29 5.58621 2.85714
29 5.93103 2.92857
29 4.55172 1.78571
29 4.82759 2
29 4.55172 1.53571
29 4.62069 2.5
29 4.82759 2.21429
29 5.10345 2.03571
29 4.34483 1.5
29 4.55172 1.64286
29 4.96552 2.21429
29 9.37931 5.96429
29 4.48276 1.89286
29 5.44828 2.46429
29 4.62069 2.25
29 4.89655 1.75
29 4.89655 2.67857
29 5.58621 3.42857
29 6.48276 3.92857
29 4.82759 1.96429
29 4.89655 2.14286
29 5.03448 2.89286
29 4.89655 2.28571
29 4.82759 2.57143
29 5.86207 2.53571
29 5.17241 2.89286
29 4.96552 1.96429
29 4.96552 1.71429
29 6.75862 3.57143
29 4.48276 2.25
29 4.96552 1.78571
29 5.37931 2.60714
29 4.68966 1.96429
29 5.24138 3.03571
29 4.68966 2.07143
29 5.58621 3.03571
29 5.93103 2.71429
29 5.37931 2.78571
29 5.44828 2.57143
29 4.96552 2.25
29 5.10345 2.10714
29 7.17241 4
29 5.03448 2.64286
29 4.62069 2.14286
29 4.62069 2.17857
29 4.89655 2.21429
29 4.82759 2.21429
29 4.55172 2.10714
29 5.17241 2.32143
30 5.53333 2.72414
30 5.53333 2.96552
30 5.33333 2.44828
30 5.33333 4.27586
30 4.93333 3.13793
30 4.6 2.06897
30 6.2 3.41379
30 5.4 2.62069
30 4.93333 2.41379
30 4.93333 3.17241
30 4.66667 2.75862
30 4.93333 2.51724
30 5.13333 2.41379
30 5.06667 2.03448
30 5.13333 2.2069
30 5.46667 2.41379
30 4.86667 1.89655
30 4.93333 2.13793
30 5.53333 2.13793
30 5.06667 2.37931
30 5 2.58621
30 4.86667 2.31034
30 4.86667 2.03448
30 4.73333 2.62069
30 4.66667 1.89655
30 4.6 2.51724
30 5.73333 2.41379
30 5.2 2.27586
30 5 2.37931
30 5.4 2.93103
30 5.73333 3.17241
30 5 2.10345
30 5.46667 3.44828
30 5.13333 2.17241
30 5.13333 2.2069
30 5.2 2.31034
30 5.26667 2.06897
30 5.26667 2.41379
30 5.8 2.72414
30 5 2.37931
30 4.53333 2.06897
30 5 1.96552
30 5 3.37931
30 5.86667 2.75862
30 4.2 1.55172
30 4.73333 1.82759
30 4.73333 1.89655
30 4.93333 2.93103
30 5.13333 2.24138
31 4.58065 1.9
31 4.90323 2.46667
31 4.58065 1.7
31 5.48387 2.93333
31 5.22581 3.1
31 4.90323 2.53333
31 4.83871 3.43333
31 5.6129 3.16667
31 5.03226 1.9
31 4.90323 1.93333
31 7.16129 2.96667
31 6 3.66667
31 5.87097 2.63333
31 4.83871 2.2
31 4.83871 2.06667
31 4.96774 2.03333
31 6.19355 3.73333
31 5.22581 2.46667
31 5.80645 3.4
31 5.6129 4.53333
31 5.48387 2.76667
31 5.29032 2.26667
31 4.96774 2.13333
31 4.77419 2.36667
31 5.09677 3.96667
31 5.22581 2.13333
31 5.16129 2.83333
31 5.22581 3.06667
31 4.64516 2.63333
31 5.54839 2.8
31 4.77419 1.96667
31 4.83871 2.03333
31 4.64516 2.36667
31 6.12903 3.03333
31 6.45161 3
31 5.74194 2.63333
31 5.16129 1.93333
31 5.29032 1.96667
31 4.90323 4
31 5.41935 2.5
31 4.96774 2.76667
31 4.96774 2.23333
31 5.09677 1.96667
31 5.09677 2.7
31 5.03226 3.2
31 5.03226 1.93333
31 4.77419 2.36667
31 5.09677 2.4
31 4.70968 2
31 5.6129 4.66667
31 4.45161 1.86667
31 7.09677 2.8
31 4.77419 1.8
32 4.4375 2.03226
32 4.75 2.58065
32 5.8125 2.87097
32 5.75 4.41935
32 5.125 3.29032
32 4.8125 2.09677
32 4.75 2
32 5.25 2.74194
32 5.375 3.45161
32 5.1875 2.6129
32 4.4375 1.74194
32 5.6875 3.09677
32 5.125 3.06452
32 4.8125 1.96774
32 6.125 3.48387
32 5.125 2.41935
32 5.125 3.03226
32 4.625 1.51613
32 5.5625 3.25806
32 4.875 2.06452
32 6.375 3.51613
32 5 1.93548
32 4.75 2.90323
32 5.625 2.51613
32 4.9375 2.83871
32 5.5625 3.54839
32 5.3125 2.29032
32 4.875 2.32258
32 5.0625 3.22581
32 5.375 2.29032
32 4.875 2.6129
32 4.4375 1.80645
32 5.4375 2.77419
32 4.375 1.74194
32 5.1875 2.41935
32 4.8125 2.80645
32 5.125 2.80645
32 5.625 2.87097
32 5.125 3.22581
32 4.875 2.29032
32 5.0625 2.32258
32 5.3125 2.03226
32 6.25 3.45161
32 5.4375 2.67742
32 5.5625 4.64516
32 5.3125 2.58065
32 4.875 2.87097
32 5.0625 2.96774
32 5.3125 2.51613
32 4.875 2.09677
32 5.0625 2.3871
32 5.1875 2
32 4.9375 2.32258
32 13.625 8.70968
32 4.625 1.51613
32 4.875 2.19355
33 4.9697 2.03125
33 5.09091 2.1875
33 5.57576 2.9375
33 5.15152 3.375
33 5.09091 1.96875
33 4.90909 2.1875
33 5.69697 2.90625
33 5.75758 2.375
33 4.48485 1.71875
33 4.72727 1.875
33 4.84848 2.28125
33 5.21212 2.15625
33 5.45455 2.84375
33 5.15152 3.0625
33 4.9697 2.15625
33 5.27273 2.5625
33 5.81818 3.34375
33 4.54545 1.90625
33 5.51515 2.875
33 4.72727 2.53125
33 4.78788 2.65625
33 5.33333 2.125
33 5.51515 2.84375
33 5.33333 1.96875
33 6.06061 2.46875
33 5.15152 2.15625
33 4.84848 2.34375
33 4.90909 1.84375
33 5.15152 2.125
33 5.93939 2.75
33 6 4.78125
33 4.90909 2.65625
33 4.9697 2.125
33 5.33333 2.53125
33 5.33333 2.71875
33 4.78788 2.46875
33 5.51515 3.4375
33 5.27273 2.8125
33 6.18182 3.34375
33 4.90909 2.65625
33 5.0303 2
33 6.78788 3.1875
33 4.78788 2.03125
33 6.12121 3.125
33 4.90909 2.25
33 5.39394 2.1875
33 4.84848 2.4375
33 5.69697 3.75
34 4.82353 2.24242
34 6.05882 3.15152
34 4.94118 2.33333
34 5.11765 1.9697
34 5.35294 3.93939
34 4.88235 2.0303
34 4.88235 1.90909
34 5.70588 2.72727
34 5.47059 2.30303
34 5.47059 2.75758
34 5 2.30303
34 4.82353 1.72727
34 5 2.42424
34 5 3.09091
34 6.11765 3.84848
34 6.35294 3.24242
34 5.35294 2.06061
34 5.41176 3.51515
34 5 2.0303
34 4.88235 1.84848
34 5.35294 3.21212
34 4.76471 2.15152
34 4.82353 1.87879
34 5.41176 2.12121
34 5.35294 2.33333
34 5.64706 2.27273
34 4.76471 1.78788
34 4.82353 2.06061
34 4.94118 2.57576
34 5.29412 2.90909
34 5.11765 2.27273
34 4.76471 1.81818
34 4.64706 1.78788
34 5.17647 3.69697
34 4.64706 2.75758
34 4.70588 2
34 5.29412 2.30303
34 5.47059 2.15152
34 4.76471 2.27273
34 5.47059 2.75758
34 5.52941 3.54545
34 4.64706 2.42424
34 4.88235 2.0303
35 4.8 1.73529
35 4.57143 2
35 5.02857 2.05882
35 4.8 1.58824
35 5.08571 2.17647
35 5.08571 2.20588
35 5.54286 2.73529
35 4.91429 2.82353
35 4.8 2.17647
35 5.25714 3.05882
35 5.08571 3.05882
35 6.68571 5.64706
35 5.31429 2.94118
35 6 2.85294
35 4.8 2.02941
35 5.31429 3.29412
35 4.74286 2.44118
35 6.34286 3.20588
35 4.74286 3.64706
35 4.97143 2.17647
35 5.48571 2.73529
35 5.54286 3.5
35 5.2 2.23529
35 5.08571 2.38235
35 4.74286 1.79412
35 4.8 1.97059
35 4.85714 2
35 4.74286 1.94118
35 5.02857 2.64706
35 4.85714 1.91176
35 5.31429 2.44118
35 5.65714 3.26471
35 5.2 1.94118
35 4.85714 3.14706
35 5.08571 1.85294
36 5.27778 2.8
36 5.33333 3.05714
36 5.33333 2.42857
36 5.22222 2.62857
36 5.38889 2.08571
36 4.72222 2
36 5.72222 3.25714
36 4.77778 3.14286
36 5.11111 2.37143
36 5.05556 2.31429
36 5.83333 3.28571
36 6.05556 2.8
36 5.11111 2.62857
36 5.11111 2
36 4.66667 1.74286
36 5 2.2
36 5 2.42857
36 5.11111 2.14286
36 4.94444 1.8
36 5.11111 2.54286
36 5.88889 3.57143
36 5.38889 2.17143
36 5.72222 3.05714
36 4.72222 2.48571
36 5.66667 3.65714
36 4.94444 3.08571
36 5.61111 2.34286
36 5.83333 4.54286
36 4.83333 2.05714
36 5.66667 3.45714
36 4.94444 2.82857
36 4.55556 1.65714
36 4.94444 2.11429
37 4.81081 2.55556
37 4.48649 1.61111
37 4.59459 1.77778
37 5.89189 3.83333
37 5.13514 2.36111
37 5.02703 2.77778
37 4.86486 3.55556
37 5.08108 2.08333
37 5.67568 2.61111
37 4.97297 2.30556
37 4.86486 2
37 4.81081 2.16667
37 7.56757 3.63889
37 5.08108 2.88889
37 5.51351 2.94444
37 4.81081 2.02778
37 5.02703 2.44444
37 4.86486 2.22222
37 5.24324 3
37 5.2973 3.22222
37 5.35135 2.16667
37 5.08108 2
37 5.51351 2.25
37 5.02703 2.61111
37 4.59459 2.30556
37 5.51351 3.27778
37 4.48649 1.77778
37 5.24324 2.38889
37 5.18919 2.44444
37 5.02703 2.36111
37 4.54054 1.77778
37 5.2973 2.44444
37 5.13514 3.05556
37 5.45946 2.83333
38 6.42105 3.48649
38 5.21053 2.37838
38 5.05263 2.43243
38 5.68421 2.78378
38 5.63158 3.21622
38 5.05263 2.56757
38 5.36842 2.67568
38 5.36842 2.43243
38 4.89474 1.78378
38 5.47368 2.78378
38 5.26316 2.2973
38 5.31579 2.89189
38 5.15789 1.91892
38 5 2.35135
38 5.21053 2.86486
38 5.36842 3.05405
38 5.68421 2.24324
38 5.89474 4.56757
38 4.84211 2.48649
38 5 2.83784
38 5.52632 3.02703
38 7.42105 4.32432
38 5.52632 4.32432
38 4.73684 1.91892
38 5.21053 2.21622
38 5.42105 2.37838
38 5.15789 1.94595
38 5 2.24324
38 5.42105 3.32432
38 5.68421 2.89189
38 4.89474 2.37838
38 5.31579 3.56757
38 4.84211 2.86486
38 5 2.35135
38 4.94737 1.81081
38 5.05263 2.75676
38 4.84211 1.75676
38 5.21053 2.72973
38 5.21053 2.81081
38 5.68421 3.05405
39 4.92308 2.36842
39 5.58974 4.15789
39 4.97436 1.97368
39 5.4359 2.52632
39 6.30769 4.10526
39 5.53846 3
39 4.87179 2.44737
39 5.84615 3.76316
39 5.02564 2.52632
39 5.58974 2.31579
39 6.20513 3.05263
39 5.23077 2.21053
39 4.82051 2.13158
39 5.79487 3.42105
39 5.94872 2.34211
39 4.82051 2.15789
39 5.33333 2.18421
39 4.97436 2.02632
39 5.17949 1.97368
39 4.66667 1.97368
39 5.17949 2.5
39 5.02564 2.36842
39 4.87179 2.47368
39 5.02564 2.73684
39 5.33333 2.73684
39 4.97436 2.47368
40 5.15 2.10256
40 5.5 2.76923
40 5.2 3.74359
40 4.9 1.84615
40 5.4 2.89744
40 5.15 2.71795
40 5.1 2.28205
40 5.1 3.53846
40 5.2 2.38462
40 5.3 2.38462
40 5.55 2.76923
40 5.55 2.5641
40 5.15 2.20513
40 5.75 3.4359
40 5.05 2.17949
40 5.45 2.74359
40 5.3 3.51282
40 5.35 2.66667
40 5.45 2.76923
40 5.75 3.53846
40 4.95 2.05128
40 5.4 3.79487
40 5.15 3.38462
40 5.25 4.05128
41 4.87805 2.25
41 5.17073 2.6
41 5.31707 2.325
41 5.07317 2.3
41 5.17073 2.325
41 4.87805 2.125
41 5.07317 2.8
41 4.58537 1.875
41 4.87805 1.975
41 5.21951 2.025
41 5.31707 2.475
41 5.02439 2.05
41 5.85366 3.825
41 4.92683 2.625
41 4.68293 1.975
41 5.02439 2.35
41 5.60976 2.3
41 4.92683 2.525
42 5.2381 2.68293
42 6.7619 3.92683
42 5.09524 2.92683
42 5.7619 3.4878
42 5.14286 3.68293
42 4.90476 1.92683
42 5.33333 2.65854
42 5.42857 2.87805
42 4.95238 3.04878
42 5.19048 2.29268
42 5.09524 2.56098
42 4.85714 1.87805
42 4.95238 2.34146
42 5.09524 3.04878
42 5.38095 2.46341
42 5.14286 3.26829
42 5 2.19512
42 5.95238 2.92683
42 5.28571 2.53659
42 5 2.19512
42 5.80952 3.5122
42 6.71429 4.19512
42 5.42857 2.68293
42 5 2.21951
42 4.7619 2.14634
42 5.14286 2.87805
42 5.09524 2.80488
43 5.02326 3.11905
43 6.37209 5.45238
43 5.30233 2.92857
43 5.95349 4.16667
43 5.5814 2.83333
43 5.34884 2.95238
43 4.37209 2
43 5.81395 2.52381
43 7.90698 4.2381
43 5.2093 3.14286
43 5.76744 2.83333
43 5.53488 3.2619
43 5.06977 2.5
43 5.16279 2.11905
43 4.55814 2
43 5.16279 3.40476
43 4.97674 5.04762
43 5.44186 2.95238
44 5.18182 2.51163
44 5.36364 2.74419
44 5.18182 2.30233
44 5.27273 2.5814
44 5.36364 3.09302
44 5.72727 3
44 5.18182 3.34884
44 5.95455 3.95349
44 5.63636 4.48837
44 5.18182 2.74419
44 5.40909 2.02326
44 4.95455 2.04651
44 5.86364 5.37209
44 5.18182 3.02326
44 4.77273 2
44 5.36364 2.51163
45 5.2 2.59091
45 5.15556 3.18182
45 5.33333 3.15909
45 5.46667 3.97727
45 5.37778 3.09091
45 6.62222 3.18182
45 5.55556 2.95455
45 5.11111 2.45455
45 5.42222 2.18182
45 4.88889 1.90909
45 4.93333 2.84091
45 11.8667 8.88636
46 5.21739 2.66667
46 5.82609 3.06667
46 5.65217 2.4
46 5.34783 3.48889
46 5.69565 3.73333
46 7.30435 3.73333
46 5.73913 3.24444
46 5.21739 2.86667
46 4.91304 2.24444
46 5.34783 4.02222
46 5.04348 2.15556
46 5.6087 4.64444
46 5.17391 2.84444
46 5.56522 2.68889
46 4.95652 2.24444
46 6.17391 5.77778
46 5.08696 2.82222
47 5.10638 2.73913
47 5.14894 2.54348
47 5.57447 2.32609
47 5.53191 3.15217
47 5.3617 4.02174
47 5.61702 2.63043
47 5.91489 3.3913
47 5.2766 3.47826
47 5.78723 3.73913
47 5.44681 3.08696
47 5.65957 2.73913
47 5.44681 2
47 5.31915 2.63043
47 5.48936 3.06522
48 5.04167 2.42553
48 5.5 2.6383
48 4.91667 3.53191
48 5.33333 2.85106
48 5.66667 2.2766
48 6.08333 2.95745
48 5.33333 2.7234
48 4.83333 2.76596
48 5.625 4.3617
49 4.85714 2.10417
49 4.97959 2.375
49 5.42857 2.20833
49 5.38776 2.47917
49 5.87755 2.83333
49 4.73469 1.9375
49 4.97959 2.04167
49 5.46939 3.0625
49 4.89796 2.04167
49 5.71429 2.9375
49 4.97959 2.97917
49 7.02041 3.1875
49 5.30612 2.83333
50 5.12 3.16327
50 5.32 3.12245
50 5.36 2.36735
50 4.96 2.12245
50 5.04 2.34694
50 5.2 2.83673
50 5.08 2.5102
50 5.04 5.55102
50 6.08 3.38776
50 5.48 2.69388
50 5.12 2.93878
51 4.90196 2.78
51 5.09804 3.06
51 4.90196 2.04
51 5.76471 3.56
51 5.33333 2.82
51 6.11765 3.66
51 6.5098 3.54
51 5.4902 2.86
51 5.72549 3.12
51 5.68627 2.92
51 5.80392 3.08
51 5.13725 2.26
51 5.05882 2.62
51 5.37255 2.88
51 5.17647 3.18
51 6.19608 3
51 5.52941 3.14
51 5.09804 2.02
52 5 2.70588
52 6 3.11765
52 5.57692 3.7451
52 5.76923 3.11765
52 5.34615 2.37255
53 5.39623 2.84615
53 8.11321 5.05769
53 5.09434 2.25
53 5.54717 4.82692
53 6.37736 3.75
54 5.40741 3.49057
54 4.88889 2.0566
54 5.37037 2.15094
54 6.51852 3.32075
54 5.03704 3.18868
55 5.34545 2.53704
55 5.27273 2.33333
55 5.96364 3.14815
55 6.07273 3.11111
55 5.23636 3.68519
55 5.12727 2.11111
55 5.2 4.2037
55 5.34545 2.16667
55 5.74545 4.40741
55 5.92727 3.87037
55 5.12727 2.16667
56 5.25 3.23636
56 4.96429 3
56 6.25 4.25455
56 5.42857 2.2
56 5.35714 3.23636
56 5.57143 2.70909
56 4.96429 4.21818
56 5.28571 2.56364
56 5.07143 2.32727
57 5.50877 3.71429
57 5.75439 2.89286
57 5.64912 3.25
58 6.10345 4.98246
58 5.44828 2.77193
58 5.44828 3.2807
58 5.51724 2.47368
59 5.55932 3.65517
59 5.62712 3.94828
59 5.59322 2.48276
59 5.49153 2.98276
59 5.25424 2.77586
59 5.22034 2.84483
60 5.1 2.9661
60 5.33333 2.54237
60 5.26667 2.52542
61 5.2459 2.35
61 5.5082 2.63333
61 5.18033 2.65
61 5.11475 3.43333
61 5.5082 3.15
61 5.18033 2.68333
61 5.47541 4.93333
62 6.58065 4.37705
62 5.09677 3.62295
62 6.45161 3.52459
62 5.29032 3.37705
63 5.65079 3.96774
63 4.95238 2.19355
64 5.59375 3.61905
64 5.90625 4.06349
64 5.53125 2.53968
65 5.23077 3.29688
65 5.47692 2.42188
66 7.12121 6.10769
66 6.06061 3.30769
66 6.69697 3.92308
67 5.49254 4.12121
67 5.91045 3.07576
67 5.40299 3.59091
67 5.04478 3.18182
68 5.88235 5.9403
69 5.18841 2.76471
70 5.25714 4.10145
71 6.30986 5.02857
72 6.02778 3.15493
72 5.91667 3.40845
73 5.67123 2.91667
73 6.68493 6.09722
74 5.27027 3.86301
74 5.91892 5.27397
75 5.57333 3.05405
75 5.54667 3.45946
75 5.12 2.93243
76 5.34211 3.86667
78 6.35897 2.85714
82 6.29268 5.24691
83 5.46988 2.5122
88 5.75 3.71264
91 6.96703 8.03333
92 5.26087 2.81319
97 8.30928 7.41667
99 5.15152 3.93878
109 6.82569 5.25
145 5.83448 5.61111
